Vertex Count: 324

Data:

183.032 -1.7594 -101.095 0.5606 0.1918 0.6112 0.39 -0.6887
179.432 -1.7594 -101.095 0.5598 0.2126 -0.6112 0.39 -0.6887
179.432 48.6228 -17.0952 0.0747 0.1945 -0.5541 0.7243 0.4102
179.432 48.6228 -17.0952 0.0747 0.1945 -0.5541 0.7243 0.4102
183.032 48.6228 -17.0952 0.0755 0.1737 0.5541 0.7243 0.4102
183.032 -1.7594 -101.095 0.5606 0.1918 0.6112 0.39 -0.6887
183.032 48.6228 -17.0952 0.0604 0.1738 0.5541 0.7243 0.4102
179.432 48.6228 -17.0952 0.0797 0.1745 -0.5541 0.7243 0.4102
179.432 46.9968 -17.0952 0.0793 0.1832 -0.6112 -0.39 0.6887
179.432 46.9968 -17.0952 0.0793 0.1832 -0.6112 -0.39 0.6887
183.032 46.9968 -17.0952 0.0601 0.1825 0.6112 -0.39 0.6887
183.032 48.6228 -17.0952 0.0604 0.1738 0.5541 0.7243 0.4102
183.032 46.9968 -17.0952 0.5616 0.1643 0.6112 -0.39 0.6887
179.432 46.9968 -17.0952 0.5608 0.1851 -0.6112 -0.39 0.6887
179.432 -3.3855 -101.095 0.0757 0.1669 -0.5541 -0.7243 -0.4102
179.432 -3.3855 -101.095 0.0757 0.1669 -0.5541 -0.7243 -0.4102
183.032 -3.3855 -101.095 0.0765 0.1462 0.5541 -0.7243 -0.4102
183.032 46.9968 -17.0952 0.5616 0.1643 0.6112 -0.39 0.6887
183.032 -3.3855 -101.095 0.0804 0.1556 0.5541 -0.7243 -0.4102
179.432 -3.3855 -101.095 0.0611 0.1549 -0.5541 -0.7243 -0.4102
179.432 -1.7594 -101.095 0.0614 0.1462 -0.6112 0.39 -0.6887
179.432 -1.7594 -101.095 0.0614 0.1462 -0.6112 0.39 -0.6887
183.032 -1.7594 -101.095 0.0807 0.147 0.6112 0.39 -0.6887
183.032 -3.3855 -101.095 0.0804 0.1556 0.5541 -0.7243 -0.4102
183.032 46.9968 -17.0952 0.5359 0.2266 0.6112 -0.39 0.6887
183.032 -3.3855 -101.095 0.012 0.2093 0.5541 -0.7243 -0.4102
183.032 -1.7594 -101.095 0.0167 0.202 0.6112 0.39 -0.6887
183.032 -1.7594 -101.095 0.0167 0.202 0.6112 0.39 -0.6887
183.032 48.6228 -17.0952 0.5406 0.2193 0.5541 0.7243 0.4102
183.032 46.9968 -17.0952 0.5359 0.2266 0.6112 -0.39 0.6887
179.432 -1.7594 -101.095 0.5391 0.1321 -0.6112 0.39 -0.6887
179.432 -3.3855 -101.095 0.5436 0.1396 -0.5541 -0.7243 -0.4102
179.432 46.9968 -17.0952 0.0194 0.1384 -0.6112 -0.39 0.6887
179.432 46.9968 -17.0952 0.0194 0.1384 -0.6112 -0.39 0.6887
179.432 48.6228 -17.0952 0.0149 0.1309 -0.5541 0.7243 0.4102
179.432 -1.7594 -101.095 0.5391 0.1321 -0.6112 0.39 -0.6887
181.832 -3.3855 -101.095 0.629 0.5323 0.6112 0.39 -0.6887
180.632 -3.3855 -101.095 0.629 0.5392 -0.6112 0.39 -0.6887
180.632 46.9968 -17.0952 0.1436 0.5392 -0.5541 0.7243 0.4102
180.632 46.9968 -17.0952 0.1436 0.5392 -0.5541 0.7243 0.4102
181.832 46.9968 -17.0952 0.1436 0.5323 0.5541 0.7243 0.4102
181.832 -3.3855 -101.095 0.629 0.5323 0.6112 0.39 -0.6887
181.832 46.9968 -17.0952 0.4802 0.6073 0.5541 0.7243 0.4102
180.632 46.9968 -17.0952 0.4802 0.6009 -0.5541 0.7243 0.4102
180.632 21.7968 -17.0952 0.6151 0.6009 -0.6112 -0.39 0.6887
180.632 21.7968 -17.0952 0.6151 0.6009 -0.6112 -0.39 0.6887
181.832 21.7968 -17.0952 0.6151 0.6073 0.6112 -0.39 0.6887
181.832 46.9968 -17.0952 0.4802 0.6073 0.5541 0.7243 0.4102
181.832 21.7968 -17.0952 0.629 0.5551 0.6112 -0.39 0.6887
180.632 21.7968 -17.0952 0.629 0.562 -0.6112 -0.39 0.6887
180.632 -28.5855 -101.095 0.1436 0.562 -0.5541 -0.7243 -0.4102
180.632 -28.5855 -101.095 0.1436 0.562 -0.5541 -0.7243 -0.4102
181.832 -28.5855 -101.095 0.1436 0.5551 0.5541 -0.7243 -0.4102
181.832 21.7968 -17.0952 0.629 0.5551 0.6112 -0.39 0.6887
181.832 -28.5855 -101.095 0.6151 0.5781 0.5541 -0.7243 -0.4102
180.632 -28.5855 -101.095 0.6151 0.5846 -0.5541 -0.7243 -0.4102
180.632 -3.3855 -101.095 0.4802 0.5846 -0.6112 0.39 -0.6887
180.632 -3.3855 -101.095 0.4802 0.5846 -0.6112 0.39 -0.6887
181.832 -3.3855 -101.095 0.4802 0.5781 0.6112 0.39 -0.6887
181.832 -28.5855 -101.095 0.6151 0.5781 0.5541 -0.7243 -0.4102
181.832 -3.3855 -101.095 0.0851 0.3988 0.6112 0.39 -0.6887
181.832 46.9968 -17.0952 0.6093 0.3966 0.5541 0.7243 0.4102
181.832 21.7968 -17.0952 0.5404 0.5126 0.6112 -0.39 0.6887
181.832 21.7968 -17.0952 0.5404 0.5126 0.6112 -0.39 0.6887
181.832 -28.5855 -101.095 0.0162 0.5148 0.5541 -0.7243 -0.4102
181.832 -3.3855 -101.095 0.0851 0.3988 0.6112 0.39 -0.6887
180.632 21.7968 -17.0952 0.0853 0.3813 -0.6112 -0.39 0.6887
180.632 46.9968 -17.0952 0.012 0.2682 -0.5541 0.7243 0.4102
180.632 -3.3855 -101.095 0.5359 0.2498 -0.6112 0.39 -0.6887
180.632 -3.3855 -101.095 0.5359 0.2498 -0.6112 0.39 -0.6887
180.632 -28.5855 -101.095 0.6092 0.363 -0.5541 -0.7243 -0.4102
180.632 21.7968 -17.0952 0.0853 0.3813 -0.6112 -0.39 0.6887
180.632 47.1341 -15.8952 0.8268 0.985 -0.5774 0.5774 -0.5773
180.632 47.1341 -14.6952 0.8203 0.985 -0.5773 0.5774 0.5774
192.632 47.1341 -14.6952 0.8203 0.9192 0.5774 0.5774 0.5773
192.632 47.1341 -14.6952 0.8203 0.9192 0.5774 0.5774 0.5773
192.632 47.1341 -15.8952 0.8268 0.9192 0.5773 0.5774 -0.5774
180.632 47.1341 -15.8952 0.8268 0.985 -0.5774 0.5774 -0.5773
192.632 47.1341 -15.8952 0.8145 0.988 0.5773 0.5774 -0.5774
192.632 47.1341 -14.6952 0.8079 0.988 0.5774 0.5774 0.5773
192.632 21.7968 -14.6952 0.8079 0.849 0.5774 -0.5774 0.5774
192.632 21.7968 -14.6952 0.8079 0.849 0.5774 -0.5774 0.5774
192.632 21.7968 -15.8952 0.8145 0.849 0.5774 -0.5774 -0.5774
192.632 47.1341 -15.8952 0.8145 0.988 0.5773 0.5774 -0.5774
192.632 21.7968 -15.8952 0.8203 0.849 0.5774 -0.5774 -0.5774
192.632 21.7968 -14.6952 0.8268 0.849 0.5774 -0.5774 0.5774
180.632 21.7968 -14.6952 0.8268 0.9149 -0.5773 -0.5774 0.5774
180.632 21.7968 -14.6952 0.8268 0.9149 -0.5773 -0.5774 0.5774
180.632 21.7968 -15.8952 0.8203 0.9149 -0.5774 -0.5774 -0.5774
192.632 21.7968 -15.8952 0.8203 0.849 0.5774 -0.5774 -0.5774
180.632 21.7968 -15.8952 0.7955 0.849 -0.5774 -0.5774 -0.5774
180.632 21.7968 -14.6952 0.8021 0.849 -0.5773 -0.5774 0.5774
180.632 47.1341 -14.6952 0.8021 0.988 -0.5773 0.5774 0.5774
180.632 47.1341 -14.6952 0.8021 0.988 -0.5773 0.5774 0.5774
180.632 47.1341 -15.8952 0.7955 0.988 -0.5774 0.5774 -0.5773
180.632 21.7968 -15.8952 0.7955 0.849 -0.5774 -0.5774 -0.5774
180.632 47.1341 -15.8952 0.7897 0.988 -0.5774 0.5774 -0.5773
192.632 47.1341 -15.8952 0.7238 0.988 0.5773 0.5774 -0.5774
192.632 21.7968 -15.8952 0.7238 0.849 0.5774 -0.5774 -0.5774
192.632 21.7968 -15.8952 0.7238 0.849 0.5774 -0.5774 -0.5774
180.632 21.7968 -15.8952 0.7897 0.849 -0.5774 -0.5774 -0.5774
180.632 47.1341 -15.8952 0.7897 0.988 -0.5774 0.5774 -0.5773
192.632 21.7968 -14.6952 0.718 0.849 0.5774 -0.5774 0.5774
192.632 47.1341 -14.6952 0.718 0.988 0.5774 0.5774 0.5773
180.632 47.1341 -14.6952 0.6522 0.988 -0.5773 0.5774 0.5774
180.632 47.1341 -14.6952 0.6522 0.988 -0.5773 0.5774 0.5774
180.632 21.7968 -14.6952 0.6522 0.849 -0.5773 -0.5774 0.5774
192.632 21.7968 -14.6952 0.718 0.849 0.5774 -0.5774 0.5774
179.432 48.7601 -17.0952 0.5848 0.0528 -0.5774 0.5774 -0.5773
179.432 48.7601 -13.4952 0.5848 0.0331 -0.5773 0.5773 0.5774
193.832 48.7601 -13.4952 0.6638 0.0331 0.5774 0.5773 0.5774
193.832 48.7601 -13.4952 0.6638 0.0331 0.5774 0.5773 0.5774
193.832 48.7601 -17.0952 0.6638 0.0528 0.5773 0.5774 -0.5774
179.432 48.7601 -17.0952 0.5848 0.0528 -0.5774 0.5774 -0.5773
193.832 48.7601 -17.0952 0.6222 0.0988 0.5773 0.5774 -0.5774
193.832 48.7601 -13.4952 0.642 0.0988 0.5774 0.5773 0.5774
193.832 47.1341 -13.4952 0.642 0.1077 0.5774 -0.5774 0.5773
193.832 47.1341 -13.4952 0.642 0.1077 0.5774 -0.5774 0.5773
193.832 47.1341 -17.0952 0.6222 0.1077 0.5774 -0.5773 -0.5774
193.832 48.7601 -17.0952 0.6222 0.0988 0.5773 0.5774 -0.5774
193.832 47.1341 -17.0952 0.6638 0.0549 0.5774 -0.5773 -0.5774
193.832 47.1341 -13.4952 0.6638 0.0747 0.5774 -0.5774 0.5773
179.432 47.1341 -13.4952 0.5848 0.0747 -0.5773 -0.5774 0.5774
179.432 47.1341 -13.4952 0.5848 0.0747 -0.5773 -0.5774 0.5774
179.432 47.1341 -17.0952 0.5848 0.0549 -0.5774 -0.5773 -0.5774
193.832 47.1341 -17.0952 0.6638 0.0549 0.5774 -0.5773 -0.5774
179.432 47.1341 -17.0952 0.6638 0.1077 -0.5774 -0.5773 -0.5774
179.432 47.1341 -13.4952 0.644 0.1077 -0.5773 -0.5774 0.5774
179.432 48.7601 -13.4952 0.644 0.0988 -0.5773 0.5773 0.5774
179.432 48.7601 -13.4952 0.644 0.0988 -0.5773 0.5773 0.5774
179.432 48.7601 -17.0952 0.6638 0.0988 -0.5774 0.5774 -0.5773
179.432 47.1341 -17.0952 0.6638 0.1077 -0.5774 -0.5773 -0.5774
193.832 47.1341 -17.0952 0.6638 0.0857 0.5774 -0.5773 -0.5774
179.432 47.1341 -17.0952 0.5848 0.0857 -0.5774 -0.5773 -0.5774
179.432 48.7601 -17.0952 0.5848 0.0768 -0.5774 0.5774 -0.5773
179.432 48.7601 -17.0952 0.5848 0.0768 -0.5774 0.5774 -0.5773
193.832 48.7601 -17.0952 0.6638 0.0768 0.5773 0.5774 -0.5774
193.832 47.1341 -17.0952 0.6638 0.0857 0.5774 -0.5773 -0.5774
179.432 48.7601 -13.4952 0.6638 0.0878 -0.5773 0.5773 0.5774
179.432 47.1341 -13.4952 0.6638 0.0967 -0.5773 -0.5774 0.5774
193.832 47.1341 -13.4952 0.5848 0.0967 0.5774 -0.5774 0.5773
193.832 47.1341 -13.4952 0.5848 0.0967 0.5774 -0.5774 0.5773
193.832 48.7601 -13.4952 0.5848 0.0878 0.5774 0.5773 0.5774
179.432 48.7601 -13.4952 0.6638 0.0878 -0.5773 0.5773 0.5774
191.432 104.579 -101.095 0.629 0.9199 -0.5541 0.7243 -0.4102
191.432 54.1967 -17.0952 0.1436 0.9199 -0.6112 0.39 0.6887
192.632 54.1967 -17.0952 0.1436 0.913 0.6112 0.39 0.6887
192.632 54.1967 -17.0952 0.1436 0.913 0.6112 0.39 0.6887
192.632 104.579 -101.095 0.629 0.913 0.5541 0.7243 -0.4102
191.432 104.579 -101.095 0.629 0.9199 -0.5541 0.7243 -0.4102
191.432 79.379 -101.095 0.6151 0.988 -0.6112 -0.39 -0.6887
191.432 104.579 -101.095 0.4802 0.988 -0.5541 0.7243 -0.4102
192.632 104.579 -101.095 0.4802 0.9816 0.5541 0.7243 -0.4102
192.632 104.579 -101.095 0.4802 0.9816 0.5541 0.7243 -0.4102
192.632 79.379 -101.095 0.6151 0.9816 0.6112 -0.39 -0.6887
191.432 79.379 -101.095 0.6151 0.988 -0.6112 -0.39 -0.6887
191.432 28.9968 -17.0952 0.629 0.9427 -0.5541 -0.7243 0.4102
191.432 79.379 -101.095 0.1436 0.9427 -0.6112 -0.39 -0.6887
192.632 79.379 -101.095 0.1436 0.9358 0.6112 -0.39 -0.6887
192.632 79.379 -101.095 0.1436 0.9358 0.6112 -0.39 -0.6887
192.632 28.9968 -17.0952 0.629 0.9358 0.5541 -0.7243 0.4102
191.432 28.9968 -17.0952 0.629 0.9427 -0.5541 -0.7243 0.4102
191.432 54.1967 -17.0952 0.4802 0.9588 -0.6112 0.39 0.6887
191.432 28.9968 -17.0952 0.6151 0.9588 -0.5541 -0.7243 0.4102
192.632 28.9968 -17.0952 0.6151 0.9653 0.5541 -0.7243 0.4102
192.632 28.9968 -17.0952 0.6151 0.9653 0.5541 -0.7243 0.4102
192.632 54.1967 -17.0952 0.4802 0.9653 0.6112 0.39 0.6887
191.432 54.1967 -17.0952 0.4802 0.9588 -0.6112 0.39 0.6887
192.632 79.379 -101.095 0.0853 0.762 0.6112 -0.39 -0.6887
192.632 104.579 -101.095 0.012 0.6488 0.5541 0.7243 -0.4102
192.632 54.1967 -17.0952 0.5359 0.6305 0.6112 0.39 0.6887
192.632 54.1967 -17.0952 0.5359 0.6305 0.6112 0.39 0.6887
192.632 28.9968 -17.0952 0.6092 0.7437 0.5541 -0.7243 0.4102
192.632 79.379 -101.095 0.0853 0.762 0.6112 -0.39 -0.6887
191.432 54.1967 -17.0952 0.0851 0.7795 -0.6112 0.39 0.6887
191.432 104.579 -101.095 0.6093 0.7773 -0.5541 0.7243 -0.4102
191.432 79.379 -101.095 0.5404 0.8933 -0.6112 -0.39 -0.6887
191.432 79.379 -101.095 0.5404 0.8933 -0.6112 -0.39 -0.6887
191.432 28.9968 -17.0952 0.0162 0.8955 -0.5541 -0.7243 0.4102
191.432 54.1967 -17.0952 0.0851 0.7795 -0.6112 0.39 0.6887
190.232 106.205 -101.095 0.5598 0.0937 -0.5541 0.7243 -0.4102
190.232 55.8228 -17.0952 0.0747 0.0756 -0.6112 0.39 0.6887
193.832 55.8228 -17.0952 0.0755 0.0548 0.6112 0.39 0.6887
193.832 55.8228 -17.0952 0.0755 0.0548 0.6112 0.39 0.6887
193.832 106.205 -101.095 0.5606 0.0729 0.5541 0.7243 -0.4102
190.232 106.205 -101.095 0.5598 0.0937 -0.5541 0.7243 -0.4102
190.232 104.579 -101.095 0.0611 0.036 -0.6112 -0.39 -0.6887
190.232 106.205 -101.095 0.0614 0.0273 -0.5541 0.7243 -0.4102
193.832 106.205 -101.095 0.0807 0.028 0.5541 0.7243 -0.4102
193.832 106.205 -101.095 0.0807 0.028 0.5541 0.7243 -0.4102
193.832 104.579 -101.095 0.0804 0.0367 0.6112 -0.39 -0.6887
190.232 104.579 -101.095 0.0611 0.036 -0.6112 -0.39 -0.6887
190.232 54.1968 -17.0952 0.5608 0.0662 -0.5541 -0.7243 0.4102
190.232 104.579 -101.095 0.0757 0.048 -0.6112 -0.39 -0.6887
193.832 104.579 -101.095 0.0765 0.0272 0.6112 -0.39 -0.6887
193.832 104.579 -101.095 0.0765 0.0272 0.6112 -0.39 -0.6887
193.832 54.1968 -17.0952 0.5616 0.0454 0.5541 -0.7243 0.4102
190.232 54.1968 -17.0952 0.5608 0.0662 -0.5541 -0.7243 0.4102
190.232 55.8228 -17.0952 0.0797 0.0556 -0.6112 0.39 0.6887
190.232 54.1968 -17.0952 0.0793 0.0643 -0.5541 -0.7243 0.4102
193.832 54.1968 -17.0952 0.0601 0.0636 0.5541 -0.7243 0.4102
193.832 54.1968 -17.0952 0.0601 0.0636 0.5541 -0.7243 0.4102
193.832 55.8228 -17.0952 0.0604 0.0549 0.6112 0.39 0.6887
190.232 55.8228 -17.0952 0.0797 0.0556 -0.6112 0.39 0.6887
193.832 55.8228 -17.0952 0.5391 0.0132 0.6112 0.39 0.6887
193.832 54.1968 -17.0952 0.5436 0.0207 0.5541 -0.7243 0.4102
193.832 104.579 -101.095 0.0194 0.0194 0.6112 -0.39 -0.6887
193.832 104.579 -101.095 0.0194 0.0194 0.6112 -0.39 -0.6887
193.832 106.205 -101.095 0.0149 0.012 0.5541 0.7243 -0.4102
193.832 55.8228 -17.0952 0.5391 0.0132 0.6112 0.39 0.6887
190.232 104.579 -101.095 0.5359 0.1077 -0.6112 -0.39 -0.6887
190.232 54.1968 -17.0952 0.012 0.0903 -0.5541 -0.7243 0.4102
190.232 55.8228 -17.0952 0.0167 0.083 -0.6112 0.39 0.6887
190.232 55.8228 -17.0952 0.0167 0.083 -0.6112 0.39 0.6887
190.232 106.205 -101.095 0.5406 0.1004 -0.5541 0.7243 -0.4102
190.232 104.579 -101.095 0.5359 0.1077 -0.6112 -0.39 -0.6887
180.632 47.1341 -15.8952 0.7172 0.2201 -0.5773 0.5774 0.5774
181.832 47.1341 -15.8952 0.7238 0.2201 0.5774 0.5774 0.5773
181.832 47.1341 -17.0952 0.7238 0.2266 0.5773 0.5774 -0.5774
181.832 47.1341 -17.0952 0.7238 0.2266 0.5773 0.5774 -0.5774
180.632 47.1341 -17.0952 0.7172 0.2266 -0.5774 0.5774 -0.5773
180.632 47.1341 -15.8952 0.7172 0.2201 -0.5773 0.5774 0.5774
180.632 47.1341 -17.0952 0.5848 0.1821 -0.5774 0.5774 -0.5773
181.832 47.1341 -17.0952 0.5848 0.1755 0.5773 0.5774 -0.5774
181.832 21.7968 -17.0952 0.7238 0.1755 0.5773 -0.5773 -0.5774
181.832 21.7968 -17.0952 0.7238 0.1755 0.5773 -0.5773 -0.5774
180.632 21.7968 -17.0952 0.7238 0.1821 -0.5774 -0.5773 -0.5773
180.632 47.1341 -17.0952 0.5848 0.1821 -0.5774 0.5774 -0.5773
180.632 21.7968 -17.0952 0.7172 0.2116 -0.5774 -0.5773 -0.5773
181.832 21.7968 -17.0952 0.7238 0.2116 0.5773 -0.5773 -0.5774
181.832 21.7968 -15.8952 0.7238 0.2182 0.5774 -0.5774 0.5773
181.832 21.7968 -15.8952 0.7238 0.2182 0.5774 -0.5774 0.5773
180.632 21.7968 -15.8952 0.7172 0.2182 -0.5773 -0.5773 0.5774
180.632 21.7968 -17.0952 0.7172 0.2116 -0.5774 -0.5773 -0.5773
180.632 21.7968 -15.8952 0.7238 0.2026 -0.5773 -0.5773 0.5774
181.832 21.7968 -15.8952 0.7238 0.2092 0.5774 -0.5774 0.5773
181.832 47.1341 -15.8952 0.5848 0.2092 0.5774 0.5774 0.5773
181.832 47.1341 -15.8952 0.5848 0.2092 0.5774 0.5774 0.5773
180.632 47.1341 -15.8952 0.5848 0.2026 -0.5773 0.5774 0.5774
180.632 21.7968 -15.8952 0.7238 0.2026 -0.5773 -0.5773 0.5774
180.632 47.1341 -15.8952 0.5848 0.1911 -0.5773 0.5774 0.5774
180.632 47.1341 -17.0952 0.5848 0.1845 -0.5774 0.5774 -0.5773
180.632 21.7968 -17.0952 0.7238 0.1845 -0.5774 -0.5773 -0.5773
180.632 21.7968 -17.0952 0.7238 0.1845 -0.5774 -0.5773 -0.5773
180.632 21.7968 -15.8952 0.7238 0.1911 -0.5773 -0.5773 0.5774
180.632 47.1341 -15.8952 0.5848 0.1911 -0.5773 0.5774 0.5774
181.832 21.7968 -17.0952 0.7238 0.2002 0.5773 -0.5773 -0.5774
181.832 47.1341 -17.0952 0.5848 0.2002 0.5773 0.5774 -0.5774
181.832 47.1341 -15.8952 0.5848 0.1936 0.5774 0.5774 0.5773
181.832 47.1341 -15.8952 0.5848 0.1936 0.5774 0.5774 0.5773
181.832 21.7968 -15.8952 0.7238 0.1936 0.5774 -0.5774 0.5773
181.832 21.7968 -17.0952 0.7238 0.2002 0.5773 -0.5773 -0.5774
191.432 47.1341 -15.8952 0.7846 0.6073 -0.5773 0.5774 0.5774
192.632 47.1341 -15.8952 0.7846 0.6008 0.5774 0.5774 0.5773
192.632 47.1341 -17.0952 0.7912 0.6008 0.5773 0.5774 -0.5774
192.632 47.1341 -17.0952 0.7912 0.6008 0.5773 0.5774 -0.5774
191.432 47.1341 -17.0952 0.7912 0.6073 -0.5774 0.5774 -0.5773
191.432 47.1341 -15.8952 0.7846 0.6073 -0.5773 0.5774 0.5774
191.432 47.1341 -17.0952 0.6522 0.5802 -0.5774 0.5774 -0.5773
192.632 47.1341 -17.0952 0.6522 0.5737 0.5773 0.5774 -0.5774
192.632 21.7968 -17.0952 0.7912 0.5737 0.5773 -0.5773 -0.5774
192.632 21.7968 -17.0952 0.7912 0.5737 0.5773 -0.5773 -0.5774
191.432 21.7968 -17.0952 0.7912 0.5802 -0.5774 -0.5773 -0.5773
191.432 47.1341 -17.0952 0.6522 0.5802 -0.5774 0.5774 -0.5773
191.432 21.7968 -17.0952 0.7846 0.5983 -0.5774 -0.5773 -0.5773
192.632 21.7968 -17.0952 0.7846 0.5917 0.5773 -0.5773 -0.5774
192.632 21.7968 -15.8952 0.7912 0.5917 0.5774 -0.5774 0.5773
192.632 21.7968 -15.8952 0.7912 0.5917 0.5774 -0.5774 0.5773
191.432 21.7968 -15.8952 0.7912 0.5983 -0.5773 -0.5773 0.5774
191.432 21.7968 -17.0952 0.7846 0.5983 -0.5774 -0.5773 -0.5773
191.432 21.7968 -15.8952 0.7912 0.5827 -0.5773 -0.5773 0.5774
192.632 21.7968 -15.8952 0.7912 0.5893 0.5774 -0.5774 0.5773
192.632 47.1341 -15.8952 0.6522 0.5893 0.5774 0.5774 0.5773
192.632 47.1341 -15.8952 0.6522 0.5893 0.5774 0.5774 0.5773
191.432 47.1341 -15.8952 0.6522 0.5827 -0.5773 0.5774 0.5774
191.432 21.7968 -15.8952 0.7912 0.5827 -0.5773 -0.5773 0.5774
191.432 47.1341 -15.8952 0.6522 0.5622 -0.5773 0.5774 0.5774
191.432 47.1341 -17.0952 0.6522 0.5556 -0.5774 0.5774 -0.5773
191.432 21.7968 -17.0952 0.7912 0.5556 -0.5774 -0.5773 -0.5773
191.432 21.7968 -17.0952 0.7912 0.5556 -0.5774 -0.5773 -0.5773
191.432 21.7968 -15.8952 0.7912 0.5622 -0.5773 -0.5773 0.5774
191.432 47.1341 -15.8952 0.6522 0.5622 -0.5773 0.5774 0.5774
192.632 21.7968 -17.0952 0.7912 0.5712 0.5773 -0.5773 -0.5774
192.632 47.1341 -17.0952 0.6522 0.5712 0.5773 0.5774 -0.5774
192.632 47.1341 -15.8952 0.6522 0.5646 0.5774 0.5774 0.5773
192.632 47.1341 -15.8952 0.6522 0.5646 0.5774 0.5774 0.5773
192.632 21.7968 -15.8952 0.7912 0.5646 0.5774 -0.5774 0.5773
192.632 21.7968 -17.0952 0.7912 0.5712 0.5773 -0.5773 -0.5774
190.232 48.6228 -13.4951 0.7335 0.7783 -0.5554 -0.4507 0.6988
193.832 48.6228 -13.4951 0.7335 0.7989 0.5555 -0.4507 0.6988
193.832 55.8228 -17.0952 0.6922 0.7989 0.5405 0.8189 -0.1933
193.832 55.8228 -17.0952 0.6922 0.7989 0.5405 0.8189 -0.1933
190.232 55.8228 -17.0952 0.6922 0.7783 -0.5405 0.8187 -0.1937
190.232 48.6228 -13.4951 0.7335 0.7783 -0.5554 -0.4507 0.6988
190.232 55.8228 -17.0952 0.6522 0.7763 -0.5405 0.8187 -0.1937
193.832 55.8228 -17.0952 0.6522 0.7567 0.5405 0.8189 -0.1933
193.832 54.1968 -17.0952 0.661 0.7567 0.7071 0 -0.7071
193.832 54.1968 -17.0952 0.661 0.7567 0.7071 0 -0.7071
190.232 54.1968 -17.0952 0.661 0.7763 -0.7071 0 -0.7071
190.232 55.8228 -17.0952 0.6522 0.7763 -0.5405 0.8187 -0.1937
190.232 54.1968 -17.0952 0.661 0.7763 -0.7071 0 -0.7071
193.832 54.1968 -17.0952 0.661 0.7567 0.7071 0 -0.7071
193.832 48.7601 -17.0952 0.6905 0.7567 0.5793 -0.5653 -0.5872
193.832 48.7601 -17.0952 0.6905 0.7567 0.5793 -0.5653 -0.5872
190.232 48.7601 -17.0952 0.6905 0.7763 -0.5794 -0.5652 -0.5872
190.232 54.1968 -17.0952 0.661 0.7763 -0.7071 0 -0.7071
190.232 48.7601 -17.0952 0.6711 0.7984 -0.5794 -0.5652 -0.5872
193.832 48.7601 -17.0952 0.6711 0.7788 0.5793 -0.5653 -0.5872
193.832 48.6228 -13.4951 0.6906 0.7788 0.5555 -0.4507 0.6988
193.832 48.6228 -13.4951 0.6906 0.7788 0.5555 -0.4507 0.6988
190.232 48.6228 -13.4951 0.6906 0.7984 -0.5554 -0.4507 0.6988
190.232 48.7601 -17.0952 0.6711 0.7984 -0.5794 -0.5652 -0.5872
190.232 54.1968 -17.0952 0.7021 0.7567 -0.7071 0 -0.7071
190.232 48.7601 -17.0952 0.7317 0.7567 -0.5794 -0.5652 -0.5872
190.232 48.6228 -13.4951 0.7324 0.7763 -0.5554 -0.4507 0.6988
190.232 48.6228 -13.4951 0.7324 0.7763 -0.5554 -0.4507 0.6988
190.232 55.8228 -17.0952 0.6933 0.7567 -0.5405 0.8187 -0.1937
190.232 54.1968 -17.0952 0.7021 0.7567 -0.7071 0 -0.7071
193.832 48.6228 -13.4951 0.6887 0.8181 0.5555 -0.4507 0.6988
193.832 48.7601 -17.0952 0.698 0.801 0.5793 -0.5653 -0.5872
193.832 54.1968 -17.0952 0.7245 0.814 0.7071 0 -0.7071
193.832 54.1968 -17.0952 0.7245 0.814 0.7071 0 -0.7071
193.832 55.8228 -17.0952 0.7324 0.8179 0.5405 0.8189 -0.1933
193.832 48.6228 -13.4951 0.6887 0.8181 0.5555 -0.4507 0.6988
