Vertex Count: 1176

Data:

123.632 -28.6032 228.905 0 0.0181 -1 0 0
123.632 91.3968 228.905 0 0.0181 -1 0 0
123.633 91.3968 30.9048 0 0.5482 -1 0 0
123.633 91.3968 30.9048 0 0.5482 -1 0 0
123.633 -28.6032 30.9048 0 0.5482 -1 0 0
123.632 -28.6032 228.905 0 0.0181 -1 0 0
123.633 -28.6032 30.9048 0 0.5482 0 0 -1
123.633 91.3968 30.9048 0 0.5482 0 0 -1
240.632 91.3968 30.9048 0.9286 0.5482 0 0 -1
240.632 91.3968 30.9048 0.9286 0.5482 0 0 -1
240.632 -28.6032 30.9048 0.9286 0.5482 0 0 -1
123.633 -28.6032 30.9048 0 0.5482 0 0 -1
240.632 -28.6032 30.9048 0.9286 0.5482 -1 0 0
240.632 91.3968 30.9048 0.9286 0.5482 -1 0 0
240.632 91.3968 -144.595 0.9286 1.0181 -1 0 0
240.632 91.3968 -144.595 0.9286 1.0181 -1 0 0
240.632 -28.6032 -144.595 0.9286 1.0181 -1 0 0
240.632 -28.6032 30.9048 0.9286 0.5482 -1 0 0
240.632 -28.6032 -144.595 0.9286 1.0181 0 0 -1
240.632 91.3968 -144.595 0.9286 1.0181 0 0 -1
249.632 91.3968 -144.595 1 1.0181 0 0 -1
249.632 91.3968 -144.595 1 1.0181 0 0 -1
249.632 -28.6032 -144.595 1 1.0181 0 0 -1
240.632 -28.6032 -144.595 0.9286 1.0181 0 0 -1
249.632 -28.6032 -144.595 1 1.0181 1 0 0
249.632 91.3968 -144.595 1 1.0181 1 0 0
249.632 91.3968 39.9048 1 0.5241 1 0 0
249.632 91.3968 39.9048 1 0.5241 1 0 0
249.632 -28.6032 39.9048 1 0.5241 1 0 0
249.632 -28.6032 -144.595 1 1.0181 1 0 0
249.632 -28.6032 39.9048 1 0.5241 0 0 1
249.632 91.3968 39.9048 1 0.5241 0 0 1
132.632 91.3968 39.9048 0.0714 0.5241 0 0 1
132.632 91.3968 39.9048 0.0714 0.5241 0 0 1
132.632 -28.6032 39.9048 0.0714 0.5241 0 0 1
249.632 -28.6032 39.9048 1 0.5241 0 0 1
132.632 -28.6032 39.9048 0.0714 0.5241 1 0 0
132.632 91.3968 39.9048 0.0714 0.5241 1 0 0
132.632 91.3968 228.905 0.0714 0.0181 1 0 0
132.632 91.3968 228.905 0.0714 0.0181 1 0 0
132.632 -28.6032 228.905 0.0714 0.0181 1 0 0
132.632 -28.6032 39.9048 0.0714 0.5241 1 0 0
132.632 -28.6032 228.905 0.0714 0.0181 0 0 1
132.632 91.3968 228.905 0.0714 0.0181 0 0 1
123.632 91.3968 228.905 0 0.0181 0 0 1
123.632 91.3968 228.905 0 0.0181 0 0 1
123.632 -28.6032 228.905 0 0.0181 0 0 1
132.632 -28.6032 228.905 0.0714 0.0181 0 0 1
240.632 -28.6032 30.9048 0.9286 0.5482 0 -1 0
240.632 -28.6032 -144.595 0.9286 1.0181 0 -1 0
249.632 -28.6032 -144.595 1 1.0181 0 -1 0
240.632 -28.6032 30.9048 0.9286 0.5482 0 -1 0
249.632 -28.6032 -144.595 1 1.0181 0 -1 0
249.632 -28.6032 39.9048 1 0.5241 0 -1 0
240.632 -28.6032 30.9048 0.9286 0.5482 0 -1 0
249.632 -28.6032 39.9048 1 0.5241 0 -1 0
132.632 -28.6032 39.9048 0.0714 0.5241 0 -1 0
123.633 -28.6032 30.9048 0 0.5482 0 -1 0
240.632 -28.6032 30.9048 0.9286 0.5482 0 -1 0
132.632 -28.6032 39.9048 0.0714 0.5241 0 -1 0
123.633 -28.6032 30.9048 0 0.5482 0 -1 0
132.632 -28.6032 39.9048 0.0714 0.5241 0 -1 0
132.632 -28.6032 228.905 0.0714 0.0181 0 -1 0
123.632 -28.6032 228.905 0 0.0181 0 -1 0
123.633 -28.6032 30.9048 0 0.5482 0 -1 0
132.632 -28.6032 228.905 0.0714 0.0181 0 -1 0
123.633 91.3968 30.9048 0 0.5482 0 1 0
123.632 91.3968 228.905 0 0.0181 0 1 0
132.632 91.3968 228.905 0.0714 0.0181 0 1 0
249.632 91.3968 -144.595 1 1.0181 0 1 0
240.632 91.3968 -144.595 0.9286 1.0181 0 1 0
240.632 91.3968 30.9048 0.9286 0.5482 0 1 0
249.632 91.3968 39.9048 1 0.5241 0 1 0
249.632 91.3968 -144.595 1 1.0181 0 1 0
240.632 91.3968 30.9048 0.9286 0.5482 0 1 0
132.632 91.3968 39.9048 0.0714 0.5241 0 1 0
249.632 91.3968 39.9048 1 0.5241 0 1 0
240.632 91.3968 30.9048 0.9286 0.5482 0 1 0
132.632 91.3968 39.9048 0.0714 0.5241 0 1 0
240.632 91.3968 30.9048 0.9286 0.5482 0 1 0
123.633 91.3968 30.9048 0 0.5482 0 1 0
132.632 91.3968 39.9048 0.0714 0.5241 0 1 0
123.633 91.3968 30.9048 0 0.5482 0 1 0
132.632 91.3968 228.905 0.0714 0.0181 0 1 0
-181.022 -28.6032 156.501 1.3994 -0.00530005 0 0 1
-181.022 91.3968 156.501 1.3994 -0.00530005 0 0 1
-200.365 91.3968 156.501 0.3994 -0.00530005 0 0 1
-200.365 91.3968 156.501 0.3994 -0.00530005 0 0 1
-200.365 -28.6032 156.501 0.3994 -0.00530005 0 0 1
-181.022 -28.6032 156.501 1.3994 -0.00530005 0 0 1
-200.365 -28.6032 156.501 0.3994 -0.00530005 -1 0 0
-200.365 91.3968 156.501 0.3994 -0.00530005 -1 0 0
-200.365 91.3968 -153.96 0.3994 0.9947 -1 0 0
-200.365 91.3968 -153.96 0.3994 0.9947 -1 0 0
-200.365 -28.6032 -153.96 0.3994 0.9947 -1 0 0
-200.365 -28.6032 156.501 0.3994 -0.00530005 -1 0 0
-200.365 -28.6032 -153.96 0.3994 0.9947 0 0 -1
-200.365 91.3968 -153.96 0.3994 0.9947 0 0 -1
-181.022 91.3968 -153.96 1.3994 0.9947 0 0 -1
-181.022 91.3968 -153.96 1.3994 0.9947 0 0 -1
-181.022 -28.6032 -153.96 1.3994 0.9947 0 0 -1
-200.365 -28.6032 -153.96 0.3994 0.9947 0 0 -1
-181.022 -28.6032 -153.96 1.3994 0.9947 1 0 0
-181.022 91.3968 -153.96 1.3994 0.9947 1 0 0
-181.022 91.3968 156.501 1.3994 -0.00530005 1 0 0
-181.022 91.3968 156.501 1.3994 -0.00530005 1 0 0
-181.022 -28.6032 156.501 1.3994 -0.00530005 1 0 0
-181.022 -28.6032 -153.96 1.3994 0.9947 1 0 0
-181.022 -28.6032 156.501 1.3994 -0.00530005 0 -1 0
-200.365 -28.6032 156.501 0.3994 -0.00530005 0 -1 0
-200.365 -28.6032 -153.96 0.3994 0.9947 0 -1 0
-200.365 -28.6032 -153.96 0.3994 0.9947 0 -1 0
-181.022 -28.6032 -153.96 1.3994 0.9947 0 -1 0
-181.022 -28.6032 156.501 1.3994 -0.00530005 0 -1 0
-200.365 91.3968 -153.96 0.3994 0.9947 0 1 0
-200.365 91.3968 156.501 0.3994 -0.00530005 0 1 0
-181.022 91.3968 156.501 1.3994 -0.00530005 0 1 0
-181.022 91.3968 156.501 1.3994 -0.00530005 0 1 0
-181.022 91.3968 -153.96 1.3994 0.9947 0 1 0
-200.365 91.3968 -153.96 0.3994 0.9947 0 1 0
285.632 -28.6032 -144.595 0.9778 0.0972 0 0 1
285.632 91.3968 -144.595 0.9778 0.0972 0 0 1
240.632 91.3968 -144.595 0.7 0.0972 0 0 1
240.632 91.3968 -144.595 0.7 0.0972 0 0 1
240.632 -28.6032 -144.595 0.7 0.0972 0 0 1
285.632 -28.6032 -144.595 0.9778 0.0972 0 0 1
240.632 -28.6032 -144.595 0.7 0.0972 -1 0 0
240.632 91.3968 -144.595 0.7 0.0972 -1 0 0
240.632 91.3968 -242.095 0.7 1.0127 -1 0 0
240.632 91.3968 -242.095 0.7 1.0127 -1 0 0
240.632 -28.6032 -242.095 0.7 1.0127 -1 0 0
240.632 -28.6032 -144.595 0.7 0.0972 -1 0 0
240.632 -28.6032 -242.095 0.7 1.0127 0 0 1
240.632 91.3968 -242.095 0.7 1.0127 0 0 1
141.632 91.3968 -242.095 0.0889 1.0127 0 0 1
141.632 91.3968 -242.095 0.0889 1.0127 0 0 1
141.632 -28.6032 -242.095 0.0889 1.0127 0 0 1
240.632 -28.6032 -242.095 0.7 1.0127 0 0 1
141.632 -28.6032 -242.095 0.0889 1.0127 1 0 0
141.632 91.3968 -242.095 0.0889 1.0127 1 0 0
141.632 91.3968 -146.095 0.0889 0.1113 1 0 0
141.632 91.3968 -146.095 0.0889 0.1113 1 0 0
141.632 -28.6032 -146.095 0.0889 0.1113 1 0 0
141.632 -28.6032 -242.095 0.0889 1.0127 1 0 0
141.632 -28.6032 -146.095 0.0889 0.1113 0 0 1
141.632 91.3968 -146.095 0.0889 0.1113 0 0 1
129.878 91.3968 -146.095 0.0163 0.1113 0 0 1
129.878 91.3968 -146.095 0.0163 0.1113 0 0 1
129.878 -28.6032 -146.095 0.0163 0.1113 0 0 1
141.632 -28.6032 -146.095 0.0889 0.1113 0 0 1
129.878 -28.6032 -146.095 0.0163 0.1113 0 0 1
129.878 91.3968 -146.095 0.0163 0.1113 0 0 1
123.633 91.3968 -146.095 -0.0222 0.1113 0 0 1
123.633 91.3968 -146.095 -0.0222 0.1113 0 0 1
123.633 -28.6032 -146.095 -0.0222 0.1113 0 0 1
129.878 -28.6032 -146.095 0.0163 0.1113 0 0 1
123.633 -28.6032 -146.095 -0.0222 0.1113 -1 0 0
123.633 91.3968 -146.095 -0.0222 0.1113 -1 0 0
123.632 91.3968 -251.095 -0.0222 1.0972 -1 0 0
123.632 91.3968 -251.095 -0.0222 1.0972 -1 0 0
123.632 -28.6032 -251.095 -0.0222 1.0972 -1 0 0
123.633 -28.6032 -146.095 -0.0222 0.1113 -1 0 0
123.632 -28.6032 -251.095 -0.0222 1.0972 0 0 -1
123.632 91.3968 -251.095 -0.0222 1.0972 0 0 -1
249.632 91.3968 -251.095 0.7556 1.0972 0 0 -1
249.632 91.3968 -251.095 0.7556 1.0972 0 0 -1
249.632 -28.6032 -251.095 0.7556 1.0972 0 0 -1
123.632 -28.6032 -251.095 -0.0222 1.0972 0 0 -1
249.632 -28.6032 -251.095 0.7556 1.0972 1 0 0
249.632 91.3968 -251.095 0.7556 1.0972 1 0 0
249.632 91.3968 -153.595 0.7556 0.1817 1 0 0
249.632 91.3968 -153.595 0.7556 0.1817 1 0 0
249.632 -28.6032 -153.595 0.7556 0.1817 1 0 0
249.632 -28.6032 -251.095 0.7556 1.0972 1 0 0
249.632 -28.6032 -153.595 0.7556 0.1817 0 0 -1
249.632 91.3968 -153.595 0.7556 0.1817 0 0 -1
285.632 91.3968 -153.595 0.9778 0.1817 0 0 -1
285.632 91.3968 -153.595 0.9778 0.1817 0 0 -1
285.632 -28.6032 -153.595 0.9778 0.1817 0 0 -1
249.632 -28.6032 -153.595 0.7556 0.1817 0 0 -1
285.632 -28.6032 -153.595 0.9778 0.1817 1 0 0
285.632 91.3968 -153.595 0.9778 0.1817 1 0 0
285.632 91.3968 -144.595 0.9778 0.0972 1 0 0
285.632 91.3968 -144.595 0.9778 0.0972 1 0 0
285.632 -28.6032 -144.595 0.9778 0.0972 1 0 0
285.632 -28.6032 -153.595 0.9778 0.1817 1 0 0
141.632 -28.6032 -242.095 0.0889 1.0127 0 -1 0
141.632 -28.6032 -146.095 0.0889 0.1113 0 -1 0
129.878 -28.6032 -146.095 0.0163 0.1113 0 -1 0
141.632 -28.6032 -242.095 0.0889 1.0127 0 -1 0
129.878 -28.6032 -146.095 0.0163 0.1113 0 -1 0
123.633 -28.6032 -146.095 -0.0222 0.1113 0 -1 0
141.632 -28.6032 -242.095 0.0889 1.0127 0 -1 0
123.633 -28.6032 -146.095 -0.0222 0.1113 0 -1 0
123.632 -28.6032 -251.095 -0.0222 1.0972 0 -1 0
240.632 -28.6032 -242.095 0.7 1.0127 0 -1 0
141.632 -28.6032 -242.095 0.0889 1.0127 0 -1 0
123.632 -28.6032 -251.095 -0.0222 1.0972 0 -1 0
240.632 -28.6032 -242.095 0.7 1.0127 0 -1 0
123.632 -28.6032 -251.095 -0.0222 1.0972 0 -1 0
249.632 -28.6032 -251.095 0.7556 1.0972 0 -1 0
240.632 -28.6032 -242.095 0.7 1.0127 0 -1 0
249.632 -28.6032 -251.095 0.7556 1.0972 0 -1 0
249.632 -28.6032 -153.595 0.7556 0.1817 0 -1 0
240.632 -28.6032 -144.595 0.7 0.0972 0 -1 0
240.632 -28.6032 -242.095 0.7 1.0127 0 -1 0
249.632 -28.6032 -153.595 0.7556 0.1817 0 -1 0
285.632 -28.6032 -144.595 0.9778 0.0972 0 -1 0
240.632 -28.6032 -144.595 0.7 0.0972 0 -1 0
249.632 -28.6032 -153.595 0.7556 0.1817 0 -1 0
285.632 -28.6032 -153.595 0.9778 0.1817 0 -1 0
285.632 -28.6032 -144.595 0.9778 0.0972 0 -1 0
249.632 -28.6032 -153.595 0.7556 0.1817 0 -1 0
285.632 91.3968 -144.595 0.9778 0.0972 0 1 0
285.632 91.3968 -153.595 0.9778 0.1817 0 1 0
249.632 91.3968 -153.595 0.7556 0.1817 0 1 0
240.632 91.3968 -144.595 0.7 0.0972 0 1 0
285.632 91.3968 -144.595 0.9778 0.0972 0 1 0
249.632 91.3968 -153.595 0.7556 0.1817 0 1 0
240.632 91.3968 -242.095 0.7 1.0127 0 1 0
240.632 91.3968 -144.595 0.7 0.0972 0 1 0
249.632 91.3968 -153.595 0.7556 0.1817 0 1 0
129.878 91.3968 -146.095 0.0163 0.1113 0 1 0
141.632 91.3968 -146.095 0.0889 0.1113 0 1 0
141.632 91.3968 -242.095 0.0889 1.0127 0 1 0
123.633 91.3968 -146.095 -0.0222 0.1113 0 1 0
129.878 91.3968 -146.095 0.0163 0.1113 0 1 0
141.632 91.3968 -242.095 0.0889 1.0127 0 1 0
123.632 91.3968 -251.095 -0.0222 1.0972 0 1 0
123.633 91.3968 -146.095 -0.0222 0.1113 0 1 0
141.632 91.3968 -242.095 0.0889 1.0127 0 1 0
123.632 91.3968 -251.095 -0.0222 1.0972 0 1 0
141.632 91.3968 -242.095 0.0889 1.0127 0 1 0
240.632 91.3968 -242.095 0.7 1.0127 0 1 0
249.632 91.3968 -251.095 0.7556 1.0972 0 1 0
123.632 91.3968 -251.095 -0.0222 1.0972 0 1 0
240.632 91.3968 -242.095 0.7 1.0127 0 1 0
249.632 91.3968 -251.095 0.7556 1.0972 0 1 0
240.632 91.3968 -242.095 0.7 1.0127 0 1 0
249.632 91.3968 -153.595 0.7556 0.1817 0 1 0
127.446 89.1529 -143.851 1.1507 -0.00989997 0 1 0
126.246 89.1529 -143.851 1.1507 -0.00989997 0 1 0
126.246 89.1529 28.661 0.1507 -0.00989997 0 1 0
126.246 89.1529 28.661 0.1507 -0.00989997 0 1 0
127.446 89.1529 28.661 0.1507 -0.00989997 0 1 0
127.446 89.1529 -143.851 1.1507 -0.00989997 0 1 0
127.446 89.1529 28.661 0.1507 -0.00989997 0 0 1
126.246 89.1529 28.661 0.1507 -0.00989997 0 0 1
126.246 -26.3593 28.661 0.1507 0.9901 0 0 1
126.246 -26.3593 28.661 0.1507 0.9901 0 0 1
127.446 -26.3593 28.661 0.1507 0.9901 0 0 1
127.446 89.1529 28.661 0.1507 -0.00989997 0 0 1
127.446 -26.3593 28.661 0.1507 0.9901 0 -1 0
126.246 -26.3593 28.661 0.1507 0.9901 0 -1 0
126.246 -26.3593 -143.851 1.1507 0.9901 0 -1 0
126.246 -26.3593 -143.851 1.1507 0.9901 0 -1 0
127.446 -26.3593 -143.851 1.1507 0.9901 0 -1 0
127.446 -26.3593 28.661 0.1507 0.9901 0 -1 0
127.446 -26.3593 -143.851 1.1507 0.9901 0 0 -1
126.246 -26.3593 -143.851 1.1507 0.9901 0 0 -1
126.246 89.1529 -143.851 1.1507 -0.00989997 0 0 -1
126.246 89.1529 -143.851 1.1507 -0.00989997 0 0 -1
127.446 89.1529 -143.851 1.1507 -0.00989997 0 0 -1
127.446 -26.3593 -143.851 1.1507 0.9901 0 0 -1
127.446 89.1529 -143.851 1.1507 -0.00989997 1 0 0
127.446 89.1529 28.661 0.1507 -0.00989997 1 0 0
127.446 -26.3593 28.661 0.1507 0.9901 1 0 0
127.446 -26.3593 28.661 0.1507 0.9901 1 0 0
127.446 -26.3593 -143.851 1.1507 0.9901 1 0 0
127.446 89.1529 -143.851 1.1507 -0.00989997 1 0 0
126.246 -26.3593 28.661 0.1507 0.9901 -1 0 0
126.246 89.1529 28.661 0.1507 -0.00989997 -1 0 0
126.246 89.1529 -143.851 1.1507 -0.00989997 -1 0 0
126.246 89.1529 -143.851 1.1507 -0.00989997 -1 0 0
126.246 -26.3593 -143.851 1.1507 0.9901 -1 0 0
126.246 -26.3593 28.661 0.1507 0.9901 -1 0 0
-120.084 -28.6032 156.501 -0.1188 1 1 0 0
-120.084 -28.6032 150.501 -0.1188 1 1 0 0
-120.084 89.1134 150.501 -0.1188 0.019 1 0 0
-120.084 89.1134 150.501 -0.1188 0.019 1 0 0
-120.084 89.1134 156.501 -0.1188 0.019 1 0 0
-120.084 -28.6032 156.501 -0.1188 1 1 0 0
-120.084 89.1134 156.501 -0.1188 0.019 0 -1 0
-120.084 89.1134 150.501 -0.1188 0.019 0 -1 0
121.349 89.1134 150.501 0.8627 0.019 0 -1 0
121.349 89.1134 150.501 0.8627 0.019 0 -1 0
121.349 89.1134 156.501 0.8627 0.019 0 -1 0
-120.084 89.1134 156.501 -0.1188 0.019 0 -1 0
121.349 89.1134 156.501 0.8627 0.019 -1 0 0
121.349 89.1134 150.501 0.8627 0.019 -1 0 0
121.349 -28.6032 150.501 0.8627 1 -1 0 0
121.349 -28.6032 150.501 0.8627 1 -1 0 0
121.349 -28.6032 156.501 0.8627 1 -1 0 0
121.349 89.1134 156.501 0.8627 0.019 -1 0 0
121.349 -28.6032 156.501 0.8627 1 0 -1 0
121.349 -28.6032 150.501 0.8627 1 0 -1 0
123.633 -28.6032 150.501 0.872 1 0 -1 0
123.633 -28.6032 150.501 0.872 1 0 -1 0
123.633 -28.6032 156.501 0.872 1 0 -1 0
121.349 -28.6032 156.501 0.8627 1 0 -1 0
123.633 -28.6032 156.501 0.872 1 1 0 0
123.633 -28.6032 150.501 0.872 1 1 0 0
123.633 91.3968 150.501 0.872 0 1 0 0
123.633 91.3968 150.501 0.872 0 1 0 0
123.633 91.3968 156.501 0.872 0 1 0 0
123.633 -28.6032 156.501 0.872 1 1 0 0
123.633 91.3968 156.501 0.872 0 0 1 0
123.633 91.3968 150.501 0.872 0 0 1 0
-122.368 91.3968 150.501 -0.128 0 0 1 0
-122.368 91.3968 150.501 -0.128 0 0 1 0
-122.368 91.3968 156.501 -0.128 0 0 1 0
123.633 91.3968 156.501 0.872 0 0 1 0
-122.368 91.3968 156.501 -0.128 0 -1 0 0
-122.368 91.3968 150.501 -0.128 0 -1 0 0
-122.368 -28.6032 150.501 -0.128 1 -1 0 0
-122.368 -28.6032 150.501 -0.128 1 -1 0 0
-122.368 -28.6032 156.501 -0.128 1 -1 0 0
-122.368 91.3968 156.501 -0.128 0 -1 0 0
-122.368 -28.6032 156.501 -0.128 1 0 -1 0
-122.368 -28.6032 150.501 -0.128 1 0 -1 0
-120.084 -28.6032 150.501 -0.1188 1 0 -1 0
-120.084 -28.6032 150.501 -0.1188 1 0 -1 0
-120.084 -28.6032 156.501 -0.1188 1 0 -1 0
-122.368 -28.6032 156.501 -0.128 1 0 -1 0
-2.7817 89.1134 156.501 0.3581 0.019 -1 0 0
-2.7817 89.1134 150.501 0.3581 0.019 -1 0 0
-2.7818 -28.6032 150.501 0.3581 1 -1 0 0
-2.7818 -28.6032 150.501 0.3581 1 -1 0 0
-2.7818 -28.6032 156.501 0.3581 1 -1 0 0
-2.7817 89.1134 156.501 0.3581 0.019 -1 0 0
-2.7818 -28.6032 156.501 0.3581 1 0 -1 0
-2.7818 -28.6032 150.501 0.3581 1 0 -1 0
-0.4232 -28.6032 150.501 0.3677 1 0 -1 0
-0.4232 -28.6032 150.501 0.3677 1 0 -1 0
-0.4232 -28.6032 156.501 0.3677 1 0 -1 0
-2.7818 -28.6032 156.501 0.3581 1 0 -1 0
-0.4232 -28.6032 156.501 0.3677 1 1 0 0
-0.4232 -28.6032 150.501 0.3677 1 1 0 0
-0.4231 89.1134 150.501 0.3677 0.019 1 0 0
-0.4231 89.1134 150.501 0.3677 0.019 1 0 0
-0.4231 89.1134 156.501 0.3677 0.019 1 0 0
-0.4232 -28.6032 156.501 0.3677 1 1 0 0
-0.4231 89.1134 156.501 0.3677 0.019 0 1 0
-0.4231 89.1134 150.501 0.3677 0.019 0 1 0
-2.7817 89.1134 150.501 0.3581 0.019 0 1 0
-2.7817 89.1134 150.501 0.3581 0.019 0 1 0
-2.7817 89.1134 156.501 0.3581 0.019 0 1 0
-0.4231 89.1134 156.501 0.3677 0.019 0 1 0
121.349 89.1134 156.501 0.8627 0.019 0 0 1
121.349 -28.6032 156.501 0.8627 1 0 0 1
123.633 -28.6032 156.501 0.872 1 0 0 1
121.349 89.1134 156.501 0.8627 0.019 0 0 1
123.633 -28.6032 156.501 0.872 1 0 0 1
123.633 91.3968 156.501 0.872 0 0 0 1
-120.084 89.1134 156.501 -0.1188 0.019 0 0 1
121.349 89.1134 156.501 0.8627 0.019 0 0 1
123.633 91.3968 156.501 0.872 0 0 0 1
-120.084 89.1134 156.501 -0.1188 0.019 0 0 1
123.633 91.3968 156.501 0.872 0 0 0 1
-122.368 91.3968 156.501 -0.128 0 0 0 1
-120.084 -28.6032 156.501 -0.1188 1 0 0 1
-120.084 89.1134 156.501 -0.1188 0.019 0 0 1
-122.368 91.3968 156.501 -0.128 0 0 0 1
-122.368 -28.6032 156.501 -0.128 1 0 0 1
-120.084 -28.6032 156.501 -0.1188 1 0 0 1
-122.368 91.3968 156.501 -0.128 0 0 0 1
-2.7817 89.1134 156.501 0.3581 0.019 0 0 1
-2.7818 -28.6032 156.501 0.3581 1 0 0 1
-0.4232 -28.6032 156.501 0.3677 1 0 0 1
-0.4232 -28.6032 156.501 0.3677 1 0 0 1
-0.4231 89.1134 156.501 0.3677 0.019 0 0 1
-2.7817 89.1134 156.501 0.3581 0.019 0 0 1
-120.084 -28.6032 150.501 -0.1188 1 0 0 -1
-122.368 -28.6032 150.501 -0.128 1 0 0 -1
-122.368 91.3968 150.501 -0.128 0 0 0 -1
-120.084 89.1134 150.501 -0.1188 0.019 0 0 -1
-120.084 -28.6032 150.501 -0.1188 1 0 0 -1
-122.368 91.3968 150.501 -0.128 0 0 0 -1
123.633 -28.6032 150.501 0.872 1 0 0 -1
121.349 -28.6032 150.501 0.8627 1 0 0 -1
121.349 89.1134 150.501 0.8627 0.019 0 0 -1
123.633 91.3968 150.501 0.872 0 0 0 -1
123.633 -28.6032 150.501 0.872 1 0 0 -1
121.349 89.1134 150.501 0.8627 0.019 0 0 -1
123.633 91.3968 150.501 0.872 0 0 0 -1
121.349 89.1134 150.501 0.8627 0.019 0 0 -1
-120.084 89.1134 150.501 -0.1188 0.019 0 0 -1
123.633 91.3968 150.501 0.872 0 0 0 -1
-120.084 89.1134 150.501 -0.1188 0.019 0 0 -1
-122.368 91.3968 150.501 -0.128 0 0 0 -1
-0.4232 -28.6032 150.501 0.3677 1 0 0 -1
-2.7818 -28.6032 150.501 0.3581 1 0 0 -1
-2.7817 89.1134 150.501 0.3581 0.019 0 0 -1
-2.7817 89.1134 150.501 0.3581 0.019 0 0 -1
-0.4231 89.1134 150.501 0.3677 0.019 0 0 -1
-0.4232 -28.6032 150.501 0.3677 1 0 0 -1
121.349 89.1134 154.1 1 0 0 1 0
121.349 89.1134 152.9 1 0 0 1 0
-0.4232 89.1134 152.9 0 0 0 1 0
-0.4232 89.1134 152.9 0 0 0 1 0
-0.4232 89.1134 154.1 0 0 0 1 0
121.349 89.1134 154.1 1 0 0 1 0
-0.4232 89.1134 154.1 0 0 -1 0 0
-0.4232 89.1134 152.9 0 0 -1 0 0
-0.4232 -28.6032 152.901 0 1 -1 0 0
-0.4232 -28.6032 152.901 0 1 -1 0 0
-0.4232 -28.6032 154.101 0 1 -1 0 0
-0.4232 89.1134 154.1 0 0 -1 0 0
-0.4232 -28.6032 154.101 0 1 0 -1 0
-0.4232 -28.6032 152.901 0 1 0 -1 0
121.349 -28.6032 152.901 1 1 0 -1 0
121.349 -28.6032 152.901 1 1 0 -1 0
121.349 -28.6032 154.101 1 1 0 -1 0
-0.4232 -28.6032 154.101 0 1 0 -1 0
121.349 -28.6032 154.101 1 1 1 0 0
121.349 -28.6032 152.901 1 1 1 0 0
121.349 89.1134 152.9 1 0 1 0 0
121.349 89.1134 152.9 1 0 1 0 0
121.349 89.1134 154.1 1 0 1 0 0
121.349 -28.6032 154.101 1 1 1 0 0
121.349 89.1134 154.1 1 0 0 0 1
-0.4232 89.1134 154.1 0 0 0 0 1
-0.4232 -28.6032 154.101 0 1 0 0 1
-0.4232 -28.6032 154.101 0 1 0 0 1
121.349 -28.6032 154.101 1 1 0 0 1
121.349 89.1134 154.1 1 0 0 0 1
-0.4232 -28.6032 152.901 0 1 0 0 -1
-0.4232 89.1134 152.9 0 0 0 0 -1
121.349 89.1134 152.9 1 0 0 0 -1
121.349 89.1134 152.9 1 0 0 0 -1
121.349 -28.6032 152.901 1 1 0 0 -1
-0.4232 -28.6032 152.901 0 1 0 0 -1
-2.7818 89.1133 154.1 1 0 0 1 0
-2.7818 89.1133 152.9 1 0 0 1 0
-120.084 89.1133 152.9 0 0 0 1 0
-120.084 89.1133 152.9 0 0 0 1 0
-120.084 89.1133 154.1 0 0 0 1 0
-2.7818 89.1133 154.1 1 0 0 1 0
-120.084 89.1133 154.1 0 0 -1 0 0
-120.084 89.1133 152.9 0 0 -1 0 0
-120.084 -28.6033 152.901 0 1 -1 0 0
-120.084 -28.6033 152.901 0 1 -1 0 0
-120.084 -28.6033 154.101 0 1 -1 0 0
-120.084 89.1133 154.1 0 0 -1 0 0
-120.084 -28.6033 154.101 0 1 0 -1 0
-120.084 -28.6033 152.901 0 1 0 -1 0
-2.7818 -28.6033 152.901 1 1 0 -1 0
-2.7818 -28.6033 152.901 1 1 0 -1 0
-2.7818 -28.6033 154.101 1 1 0 -1 0
-120.084 -28.6033 154.101 0 1 0 -1 0
-2.7818 -28.6033 154.101 1 1 1 0 0
-2.7818 -28.6033 152.901 1 1 1 0 0
-2.7818 89.1133 152.9 1 0 1 0 0
-2.7818 89.1133 152.9 1 0 1 0 0
-2.7818 89.1133 154.1 1 0 1 0 0
-2.7818 -28.6033 154.101 1 1 1 0 0
-2.7818 89.1133 154.1 1 0 0 0 1
-120.084 89.1133 154.1 0 0 0 0 1
-120.084 -28.6033 154.101 0 1 0 0 1
-120.084 -28.6033 154.101 0 1 0 0 1
-2.7818 -28.6033 154.101 1 1 0 0 1
-2.7818 89.1133 154.1 1 0 0 0 1
-120.084 -28.6033 152.901 0 1 0 0 -1
-120.084 89.1133 152.9 0 0 0 0 -1
-2.7818 89.1133 152.9 1 0 0 0 -1
-2.7818 89.1133 152.9 1 0 0 0 -1
-2.7818 -28.6033 152.901 1 1 0 0 -1
-120.084 -28.6033 152.901 0 1 0 0 -1
121.349 89.1134 -150.36 1 0 0 1 0
121.349 89.1134 -151.56 1 0 0 1 0
-0.4232 89.1134 -151.56 0 0 0 1 0
-0.4232 89.1134 -151.56 0 0 0 1 0
-0.4232 89.1134 -150.36 0 0 0 1 0
121.349 89.1134 -150.36 1 0 0 1 0
-0.4232 89.1134 -150.36 0 0 -1 0 0
-0.4232 89.1134 -151.56 0 0 -1 0 0
-0.4232 -28.6032 -151.56 0 1 -1 0 0
-0.4232 -28.6032 -151.56 0 1 -1 0 0
-0.4232 -28.6032 -150.36 0 1 -1 0 0
-0.4232 89.1134 -150.36 0 0 -1 0 0
-0.4232 -28.6032 -150.36 0 1 0 -1 0
-0.4232 -28.6032 -151.56 0 1 0 -1 0
121.349 -28.6032 -151.56 1 1 0 -1 0
121.349 -28.6032 -151.56 1 1 0 -1 0
121.349 -28.6032 -150.36 1 1 0 -1 0
-0.4232 -28.6032 -150.36 0 1 0 -1 0
121.349 -28.6032 -150.36 1 1 1 0 0
121.349 -28.6032 -151.56 1 1 1 0 0
121.349 89.1134 -151.56 1 0 1 0 0
121.349 89.1134 -151.56 1 0 1 0 0
121.349 89.1134 -150.36 1 0 1 0 0
121.349 -28.6032 -150.36 1 1 1 0 0
121.349 89.1134 -150.36 1 0 0 0 1
-0.4232 89.1134 -150.36 0 0 0 0 1
-0.4232 -28.6032 -150.36 0 1 0 0 1
-0.4232 -28.6032 -150.36 0 1 0 0 1
121.349 -28.6032 -150.36 1 1 0 0 1
121.349 89.1134 -150.36 1 0 0 0 1
-0.4232 -28.6032 -151.56 0 1 0 0 -1
-0.4232 89.1134 -151.56 0 0 0 0 -1
121.349 89.1134 -151.56 1 0 0 0 -1
121.349 89.1134 -151.56 1 0 0 0 -1
121.349 -28.6032 -151.56 1 1 0 0 -1
-0.4232 -28.6032 -151.56 0 1 0 0 -1
-2.7818 89.1133 -150.36 0.8333 0 0 1 0
-2.7818 89.1133 -151.56 0.8333 0 0 1 0
-178.739 89.1133 -151.56 -0.1667 0 0 1 0
-178.739 89.1133 -151.56 -0.1667 0 0 1 0
-178.739 89.1133 -150.36 -0.1667 0 0 1 0
-2.7818 89.1133 -150.36 0.8333 0 0 1 0
-178.739 89.1133 -150.36 -0.1667 0 -1 0 0
-178.739 89.1133 -151.56 -0.1667 0 -1 0 0
-178.739 -28.6033 -151.56 -0.1667 1 -1 0 0
-178.739 -28.6033 -151.56 -0.1667 1 -1 0 0
-178.739 -28.6033 -150.36 -0.1667 1 -1 0 0
-178.739 89.1133 -150.36 -0.1667 0 -1 0 0
-178.739 -28.6033 -150.36 -0.1667 1 0 -1 0
-178.739 -28.6033 -151.56 -0.1667 1 0 -1 0
-2.7818 -28.6033 -151.56 0.8333 1 0 -1 0
-2.7818 -28.6033 -151.56 0.8333 1 0 -1 0
-2.7818 -28.6033 -150.36 0.8333 1 0 -1 0
-178.739 -28.6033 -150.36 -0.1667 1 0 -1 0
-2.7818 -28.6033 -150.36 0.8333 1 1 0 0
-2.7818 -28.6033 -151.56 0.8333 1 1 0 0
-2.7818 89.1133 -151.56 0.8333 0 1 0 0
-2.7818 89.1133 -151.56 0.8333 0 1 0 0
-2.7818 89.1133 -150.36 0.8333 0 1 0 0
-2.7818 -28.6033 -150.36 0.8333 1 1 0 0
-2.7818 89.1133 -150.36 0.8333 0 0 0 1
-178.739 89.1133 -150.36 -0.1667 0 0 0 1
-178.739 -28.6033 -150.36 -0.1667 1 0 0 1
-178.739 -28.6033 -150.36 -0.1667 1 0 0 1
-2.7818 -28.6033 -150.36 0.8333 1 0 0 1
-2.7818 89.1133 -150.36 0.8333 0 0 0 1
-178.739 -28.6033 -151.56 -0.1667 1 0 0 -1
-178.739 89.1133 -151.56 -0.1667 0 0 0 -1
-2.7818 89.1133 -151.56 0.8333 0 0 0 -1
-2.7818 89.1133 -151.56 0.8333 0 0 0 -1
-2.7818 -28.6033 -151.56 0.8333 1 0 0 -1
-178.739 -28.6033 -151.56 -0.1667 1 0 0 -1
-178.739 -28.6032 -147.96 -0.1922 1 1 0 0
-178.739 -28.6032 -153.96 -0.1922 1 1 0 0
-178.739 89.1134 -153.96 -0.1922 0.019 1 0 0
-178.739 89.1134 -153.96 -0.1922 0.019 1 0 0
-178.739 89.1134 -147.96 -0.1922 0.019 1 0 0
-178.739 -28.6032 -147.96 -0.1922 1 1 0 0
-178.739 89.1134 -147.96 -0.1922 0.019 0 -1 0
-178.739 89.1134 -153.96 -0.1922 0.019 0 -1 0
121.349 89.1134 -153.96 0.7928 0.019 0 -1 0
121.349 89.1134 -153.96 0.7928 0.019 0 -1 0
121.349 89.1134 -147.96 0.7928 0.019 0 -1 0
-178.739 89.1134 -147.96 -0.1922 0.019 0 -1 0
121.349 89.1134 -147.96 0.7928 0.019 -1 0 0
121.349 89.1134 -153.96 0.7928 0.019 -1 0 0
121.349 -28.6032 -153.96 0.7928 1 -1 0 0
121.349 -28.6032 -153.96 0.7928 1 -1 0 0
121.349 -28.6032 -147.96 0.7928 1 -1 0 0
121.349 89.1134 -147.96 0.7928 0.019 -1 0 0
121.349 -28.6032 -147.96 0.7928 1 0 -1 0
121.349 -28.6032 -153.96 0.7928 1 0 -1 0
123.633 -28.6032 -153.96 0.8003 1 0 -1 0
123.633 -28.6032 -153.96 0.8003 1 0 -1 0
123.633 -28.6032 -147.96 0.8003 1 0 -1 0
121.349 -28.6032 -147.96 0.7928 1 0 -1 0
123.633 -28.6032 -147.96 0.8003 1 1 0 0
123.633 -28.6032 -153.96 0.8003 1 1 0 0
123.633 91.3968 -153.96 0.8003 0 1 0 0
123.633 91.3968 -153.96 0.8003 0 1 0 0
123.633 91.3968 -147.96 0.8003 0 1 0 0
123.633 -28.6032 -147.96 0.8003 1 1 0 0
123.633 91.3968 -147.96 0.8003 0 0 1 0
123.633 91.3968 -153.96 0.8003 0 0 1 0
-181.022 91.3968 -153.96 -0.1997 0 0 1 0
-181.022 91.3968 -153.96 -0.1997 0 0 1 0
-181.022 91.3968 -147.96 -0.1997 0 0 1 0
123.633 91.3968 -147.96 0.8003 0 0 1 0
-181.022 91.3968 -147.96 -0.1997 0 -1 0 0
-181.022 91.3968 -153.96 -0.1997 0 -1 0 0
-181.022 -28.6032 -153.96 -0.1997 1 -1 0 0
-181.022 -28.6032 -153.96 -0.1997 1 -1 0 0
-181.022 -28.6032 -147.96 -0.1997 1 -1 0 0
-181.022 91.3968 -147.96 -0.1997 0 -1 0 0
-181.022 -28.6032 -147.96 -0.1997 1 0 -1 0
-181.022 -28.6032 -153.96 -0.1997 1 0 -1 0
-178.739 -28.6032 -153.96 -0.1922 1 0 -1 0
-178.739 -28.6032 -153.96 -0.1922 1 0 -1 0
-178.739 -28.6032 -147.96 -0.1922 1 0 -1 0
-181.022 -28.6032 -147.96 -0.1997 1 0 -1 0
-2.7817 89.1134 -147.96 0.3854 0.019 -1 0 0
-2.7817 89.1134 -153.96 0.3854 0.019 -1 0 0
-2.7818 -28.6032 -153.96 0.3854 1 -1 0 0
-2.7818 -28.6032 -153.96 0.3854 1 -1 0 0
-2.7818 -28.6032 -147.96 0.3854 1 -1 0 0
-2.7817 89.1134 -147.96 0.3854 0.019 -1 0 0
-2.7818 -28.6032 -147.96 0.3854 1 0 -1 0
-2.7818 -28.6032 -153.96 0.3854 1 0 -1 0
-0.4232 -28.6032 -153.96 0.3931 1 0 -1 0
-0.4232 -28.6032 -153.96 0.3931 1 0 -1 0
-0.4232 -28.6032 -147.96 0.3931 1 0 -1 0
-2.7818 -28.6032 -147.96 0.3854 1 0 -1 0
-0.4232 -28.6032 -147.96 0.3931 1 1 0 0
-0.4232 -28.6032 -153.96 0.3931 1 1 0 0
-0.4231 89.1134 -153.96 0.3931 0.019 1 0 0
-0.4231 89.1134 -153.96 0.3931 0.019 1 0 0
-0.4231 89.1134 -147.96 0.3931 0.019 1 0 0
-0.4232 -28.6032 -147.96 0.3931 1 1 0 0
-0.4231 89.1134 -147.96 0.3931 0.019 0 1 0
-0.4231 89.1134 -153.96 0.3931 0.019 0 1 0
-2.7817 89.1134 -153.96 0.3854 0.019 0 1 0
-2.7817 89.1134 -153.96 0.3854 0.019 0 1 0
-2.7817 89.1134 -147.96 0.3854 0.019 0 1 0
-0.4231 89.1134 -147.96 0.3931 0.019 0 1 0
121.349 89.1134 -147.96 0.7928 0.019 0 0 1
121.349 -28.6032 -147.96 0.7928 1 0 0 1
123.633 -28.6032 -147.96 0.8003 1 0 0 1
121.349 89.1134 -147.96 0.7928 0.019 0 0 1
123.633 -28.6032 -147.96 0.8003 1 0 0 1
123.633 91.3968 -147.96 0.8003 0 0 0 1
-178.739 89.1134 -147.96 -0.1922 0.019 0 0 1
121.349 89.1134 -147.96 0.7928 0.019 0 0 1
123.633 91.3968 -147.96 0.8003 0 0 0 1
-178.739 89.1134 -147.96 -0.1922 0.019 0 0 1
123.633 91.3968 -147.96 0.8003 0 0 0 1
-181.022 91.3968 -147.96 -0.1997 0 0 0 1
-178.739 -28.6032 -147.96 -0.1922 1 0 0 1
-178.739 89.1134 -147.96 -0.1922 0.019 0 0 1
-181.022 91.3968 -147.96 -0.1997 0 0 0 1
-181.022 -28.6032 -147.96 -0.1997 1 0 0 1
-178.739 -28.6032 -147.96 -0.1922 1 0 0 1
-181.022 91.3968 -147.96 -0.1997 0 0 0 1
-2.7817 89.1134 -147.96 0.3854 0.019 0 0 1
-2.7818 -28.6032 -147.96 0.3854 1 0 0 1
-0.4232 -28.6032 -147.96 0.3931 1 0 0 1
-0.4232 -28.6032 -147.96 0.3931 1 0 0 1
-0.4231 89.1134 -147.96 0.3931 0.019 0 0 1
-2.7817 89.1134 -147.96 0.3854 0.019 0 0 1
-178.739 -28.6032 -153.96 -0.1922 1 0 0 -1
-181.022 -28.6032 -153.96 -0.1997 1 0 0 -1
-181.022 91.3968 -153.96 -0.1997 0 0 0 -1
-178.739 89.1134 -153.96 -0.1922 0.019 0 0 -1
-178.739 -28.6032 -153.96 -0.1922 1 0 0 -1
-181.022 91.3968 -153.96 -0.1997 0 0 0 -1
123.633 -28.6032 -153.96 0.8003 1 0 0 -1
121.349 -28.6032 -153.96 0.7928 1 0 0 -1
121.349 89.1134 -153.96 0.7928 0.019 0 0 -1
123.633 91.3968 -153.96 0.8003 0 0 0 -1
123.633 -28.6032 -153.96 0.8003 1 0 0 -1
121.349 89.1134 -153.96 0.7928 0.019 0 0 -1
123.633 91.3968 -153.96 0.8003 0 0 0 -1
121.349 89.1134 -153.96 0.7928 0.019 0 0 -1
-178.739 89.1134 -153.96 -0.1922 0.019 0 0 -1
123.633 91.3968 -153.96 0.8003 0 0 0 -1
-178.739 89.1134 -153.96 -0.1922 0.019 0 0 -1
-181.022 91.3968 -153.96 -0.1997 0 0 0 -1
-0.4232 -28.6032 -153.96 0.3931 1 0 0 -1
-2.7818 -28.6032 -153.96 0.3854 1 0 0 -1
-2.7817 89.1134 -153.96 0.3854 0.019 0 0 -1
-2.7817 89.1134 -153.96 0.3854 0.019 0 0 -1
-0.4231 89.1134 -153.96 0.3931 0.019 0 0 -1
-0.4232 -28.6032 -153.96 0.3931 1 0 0 -1
125.046 42.3367 -141.68 1.501 -0.1835 0 1 0
123.846 42.3367 -141.68 1.501 -0.1835 0 1 0
123.846 42.3367 -140.074 0.501 -0.1835 0 1 0
123.846 42.3367 -140.074 0.501 -0.1835 0 1 0
125.046 42.3367 -140.074 0.501 -0.1835 0 1 0
125.046 42.3367 -141.68 1.501 -0.1835 0 1 0
125.046 42.3367 -140.074 0.501 -0.1835 0 0 1
123.846 42.3367 -140.074 0.501 -0.1835 0 0 1
123.846 20.1647 -140.074 0.501 0.8165 0 0 1
123.846 20.1647 -140.074 0.501 0.8165 0 0 1
125.046 20.1647 -140.074 0.501 0.8165 0 0 1
125.046 42.3367 -140.074 0.501 -0.1835 0 0 1
125.046 20.1647 -140.074 0.501 0.8165 0 -1 0
123.846 20.1647 -140.074 0.501 0.8165 0 -1 0
123.846 20.1647 -141.68 1.501 0.8165 0 -1 0
123.846 20.1647 -141.68 1.501 0.8165 0 -1 0
125.046 20.1647 -141.68 1.501 0.8165 0 -1 0
125.046 20.1647 -140.074 0.501 0.8165 0 -1 0
125.046 20.1647 -141.68 1.501 0.8165 0 0 -1
123.846 20.1647 -141.68 1.501 0.8165 0 0 -1
123.846 42.3367 -141.68 1.501 -0.1835 0 0 -1
123.846 42.3367 -141.68 1.501 -0.1835 0 0 -1
125.046 42.3367 -141.68 1.501 -0.1835 0 0 -1
125.046 20.1647 -141.68 1.501 0.8165 0 0 -1
125.046 42.3367 -141.68 1.501 -0.1835 1 0 0
125.046 42.3367 -140.074 0.501 -0.1835 1 0 0
125.046 20.1647 -140.074 0.501 0.8165 1 0 0
125.046 20.1647 -140.074 0.501 0.8165 1 0 0
125.046 20.1647 -141.68 1.501 0.8165 1 0 0
125.046 42.3367 -141.68 1.501 -0.1835 1 0 0
123.846 20.1647 -140.074 0.501 0.8165 -1 0 0
123.846 42.3367 -140.074 0.501 -0.1835 -1 0 0
123.846 42.3367 -141.68 1.501 -0.1835 -1 0 0
123.846 42.3367 -141.68 1.501 -0.1835 -1 0 0
123.846 20.1647 -141.68 1.501 0.8165 -1 0 0
123.846 20.1647 -140.074 0.501 0.8165 -1 0 0
126.246 25.5883 -141.68 1.501 -2.7796 0 1 0
125.046 25.5883 -141.68 1.501 -2.7796 0 1 0
125.046 25.5883 -140.074 0.501 -2.7796 0 1 0
125.046 25.5883 -140.074 0.501 -2.7796 0 1 0
126.246 25.5883 -140.074 0.501 -2.7796 0 1 0
126.246 25.5883 -141.68 1.501 -2.7796 0 1 0
126.246 25.5883 -140.074 0.501 -2.7796 0 0 1
125.046 25.5883 -140.074 0.501 -2.7796 0 0 1
125.046 21.9526 -140.074 0.501 -1.7796 0 0 1
125.046 21.9526 -140.074 0.501 -1.7796 0 0 1
126.246 21.9526 -140.074 0.501 -1.7796 0 0 1
126.246 25.5883 -140.074 0.501 -2.7796 0 0 1
126.246 21.9526 -140.074 0.501 -1.7796 0 -1 0
125.046 21.9526 -140.074 0.501 -1.7796 0 -1 0
125.046 21.9526 -141.68 1.501 -1.7796 0 -1 0
125.046 21.9526 -141.68 1.501 -1.7796 0 -1 0
126.246 21.9526 -141.68 1.501 -1.7796 0 -1 0
126.246 21.9526 -140.074 0.501 -1.7796 0 -1 0
126.246 21.9526 -141.68 1.501 -1.7796 0 0 -1
125.046 21.9526 -141.68 1.501 -1.7796 0 0 -1
125.046 25.5883 -141.68 1.501 -2.7796 0 0 -1
125.046 25.5883 -141.68 1.501 -2.7796 0 0 -1
126.246 25.5883 -141.68 1.501 -2.7796 0 0 -1
126.246 21.9526 -141.68 1.501 -1.7796 0 0 -1
126.246 25.5883 -141.68 1.501 -2.7796 1 0 0
126.246 25.5883 -140.074 0.501 -2.7796 1 0 0
126.246 21.9526 -140.074 0.501 -1.7796 1 0 0
126.246 21.9526 -140.074 0.501 -1.7796 1 0 0
126.246 21.9526 -141.68 1.501 -1.7796 1 0 0
126.246 25.5883 -141.68 1.501 -2.7796 1 0 0
125.046 21.9526 -140.074 0.501 -1.7796 -1 0 0
125.046 25.5883 -140.074 0.501 -2.7796 -1 0 0
125.046 25.5883 -141.68 1.501 -2.7796 -1 0 0
125.046 25.5883 -141.68 1.501 -2.7796 -1 0 0
125.046 21.9526 -141.68 1.501 -1.7796 -1 0 0
125.046 21.9526 -140.074 0.501 -1.7796 -1 0 0
126.246 39.105 -141.68 1.501 -2.7796 0 1 0
125.046 39.105 -141.68 1.501 -2.7796 0 1 0
125.046 39.105 -140.074 0.501 -2.7796 0 1 0
125.046 39.105 -140.074 0.501 -2.7796 0 1 0
126.246 39.105 -140.074 0.501 -2.7796 0 1 0
126.246 39.105 -141.68 1.501 -2.7796 0 1 0
126.246 39.105 -140.074 0.501 -2.7796 0 0 1
125.046 39.105 -140.074 0.501 -2.7796 0 0 1
125.046 35.4692 -140.074 0.501 -1.7796 0 0 1
125.046 35.4692 -140.074 0.501 -1.7796 0 0 1
126.246 35.4692 -140.074 0.501 -1.7796 0 0 1
126.246 39.105 -140.074 0.501 -2.7796 0 0 1
126.246 35.4692 -140.074 0.501 -1.7796 0 -1 0
125.046 35.4692 -140.074 0.501 -1.7796 0 -1 0
125.046 35.4692 -141.68 1.501 -1.7796 0 -1 0
125.046 35.4692 -141.68 1.501 -1.7796 0 -1 0
126.246 35.4692 -141.68 1.501 -1.7796 0 -1 0
126.246 35.4692 -140.074 0.501 -1.7796 0 -1 0
126.246 35.4692 -141.68 1.501 -1.7796 0 0 -1
125.046 35.4692 -141.68 1.501 -1.7796 0 0 -1
125.046 39.105 -141.68 1.501 -2.7796 0 0 -1
125.046 39.105 -141.68 1.501 -2.7796 0 0 -1
126.246 39.105 -141.68 1.501 -2.7796 0 0 -1
126.246 35.4692 -141.68 1.501 -1.7796 0 0 -1
126.246 39.105 -141.68 1.501 -2.7796 1 0 0
126.246 39.105 -140.074 0.501 -2.7796 1 0 0
126.246 35.4692 -140.074 0.501 -1.7796 1 0 0
126.246 35.4692 -140.074 0.501 -1.7796 1 0 0
126.246 35.4692 -141.68 1.501 -1.7796 1 0 0
126.246 39.105 -141.68 1.501 -2.7796 1 0 0
125.046 35.4692 -140.074 0.501 -1.7796 -1 0 0
125.046 39.105 -140.074 0.501 -2.7796 -1 0 0
125.046 39.105 -141.68 1.501 -2.7796 -1 0 0
125.046 39.105 -141.68 1.501 -2.7796 -1 0 0
125.046 35.4692 -141.68 1.501 -1.7796 -1 0 0
125.046 35.4692 -140.074 0.501 -1.7796 -1 0 0
132.632 91.3968 228.905 1 0 0 0 1
132.632 115.397 228.905 1 0 0 0 1
123.633 115.397 228.905 0 0 0 0 1
123.633 115.397 228.905 0 0 0 0 1
123.633 91.3968 228.905 0 0 0 0 1
132.632 91.3968 228.905 1 0 0 0 1
123.633 91.3968 228.905 0 0 -1 0 0
123.633 115.397 228.905 0 0 -1 0 0
123.633 115.397 150.501 0 1 -1 0 0
123.633 115.397 150.501 0 1 -1 0 0
123.633 91.3968 150.501 0 1 -1 0 0
123.633 91.3968 228.905 0 0 -1 0 0
123.633 91.3968 150.501 0 1 0 0 -1
123.633 115.397 150.501 0 1 0 0 -1
132.632 115.397 150.501 1 1 0 0 -1
132.632 115.397 150.501 1 1 0 0 -1
132.632 91.3968 150.501 1 1 0 0 -1
123.633 91.3968 150.501 0 1 0 0 -1
132.632 91.3968 150.501 1 1 1 0 0
132.632 115.397 150.501 1 1 1 0 0
132.632 115.397 228.905 1 0 1 0 0
132.632 115.397 228.905 1 0 1 0 0
132.632 91.3968 228.905 1 0 1 0 0
132.632 91.3968 150.501 1 1 1 0 0
132.632 91.3968 228.905 1 0 0 -1 0
123.633 91.3968 228.905 0 0 0 -1 0
123.633 91.3968 150.501 0 1 0 -1 0
123.633 91.3968 150.501 0 1 0 -1 0
132.632 91.3968 150.501 1 1 0 -1 0
132.632 91.3968 228.905 1 0 0 -1 0
123.633 115.397 150.501 0 1 0 1 0
123.633 115.397 228.905 0 0 0 1 0
132.632 115.397 228.905 1 0 0 1 0
132.632 115.397 228.905 1 0 0 1 0
132.632 115.397 150.501 1 1 0 1 0
123.633 115.397 150.501 0 1 0 1 0
-122.368 91.3968 156.501 1 0 0 1 0
-122.368 91.3968 149.301 1 0 0 1 0
-181.022 91.3968 149.301 0 0 0 1 0
-181.022 91.3968 149.301 0 0 0 1 0
-181.022 91.3968 156.501 0 0 0 1 0
-122.368 91.3968 156.501 1 0 0 1 0
-181.022 91.3968 156.501 0 0 -1 0 0
-181.022 91.3968 149.301 0 0 -1 0 0
-181.022 -28.6032 149.301 0 1 -1 0 0
-181.022 -28.6032 149.301 0 1 -1 0 0
-181.022 -28.6032 156.501 0 1 -1 0 0
-181.022 91.3968 156.501 0 0 -1 0 0
-181.022 -28.6032 156.501 0 1 0 -1 0
-181.022 -28.6032 149.301 0 1 0 -1 0
-122.368 -28.6032 149.301 1 1 0 -1 0
-122.368 -28.6032 149.301 1 1 0 -1 0
-122.368 -28.6032 156.501 1 1 0 -1 0
-181.022 -28.6032 156.501 0 1 0 -1 0
-122.368 -28.6032 156.501 1 1 1 0 0
-122.368 -28.6032 149.301 1 1 1 0 0
-122.368 91.3968 149.301 1 0 1 0 0
-122.368 91.3968 149.301 1 0 1 0 0
-122.368 91.3968 156.501 1 0 1 0 0
-122.368 -28.6032 156.501 1 1 1 0 0
-122.368 91.3968 156.501 1 0 0 0 1
-181.022 91.3968 156.501 0 0 0 0 1
-181.022 -28.6032 156.501 0 1 0 0 1
-181.022 -28.6032 156.501 0 1 0 0 1
-122.368 -28.6032 156.501 1 1 0 0 1
-122.368 91.3968 156.501 1 0 0 0 1
-181.022 -28.6032 149.301 0 1 0 0 -1
-181.022 91.3968 149.301 0 0 0 0 -1
-122.368 91.3968 149.301 1 0 0 0 -1
-122.368 91.3968 149.301 1 0 0 0 -1
-122.368 -28.6032 149.301 1 1 0 0 -1
-181.022 -28.6032 149.301 0 1 0 0 -1
123.633 90.6594 150.501 -0.1667 0.2451 0 -1 0
-131.867 90.6594 150.501 -0.1667 0.2451 0 -1 0
-131.867 90.6594 143.192 0.7417 0.2451 0 -1 0
-131.867 90.6594 143.192 0.7417 0.2451 0 -1 0
123.633 90.6594 143.192 0.7417 0.2451 0 -1 0
123.633 90.6594 150.501 -0.1667 0.2451 0 -1 0
123.633 90.6594 143.192 0.7417 0.2451 0 0 1
-131.867 90.6594 143.192 0.7417 0.2451 0 0 1
-131.867 81.9897 143.192 0.7417 1.1667 0 0 1
-131.867 81.9897 143.192 0.7417 1.1667 0 0 1
123.633 81.9897 143.192 0.7417 1.1667 0 0 1
123.633 90.6594 143.192 0.7417 0.2451 0 0 1
123.633 81.9897 143.192 0.7417 1.1667 0 -1 0
-131.867 81.9897 143.192 0.7417 1.1667 0 -1 0
-131.867 81.9897 142.454 0.8333 1.1667 0 -1 0
-131.867 81.9897 142.454 0.8333 1.1667 0 -1 0
123.633 81.9897 142.454 0.8333 1.1667 0 -1 0
123.633 81.9897 143.192 0.7417 1.1667 0 -1 0
123.633 81.9897 142.454 0.8333 1.1667 0 0 -1
-131.867 81.9897 142.454 0.8333 1.1667 0 0 -1
-131.867 91.3968 142.454 0.8333 0.1667 0 0 -1
-131.867 91.3968 142.454 0.8333 0.1667 0 0 -1
123.633 91.3968 142.454 0.8333 0.1667 0 0 -1
123.633 81.9897 142.454 0.8333 1.1667 0 0 -1
123.633 91.3968 142.454 0.8333 0.1667 0 1 0
-131.867 91.3968 142.454 0.8333 0.1667 0 1 0
-131.867 91.3968 150.501 -0.1667 0.1667 0 1 0
-131.867 91.3968 150.501 -0.1667 0.1667 0 1 0
123.633 91.3968 150.501 -0.1667 0.1667 0 1 0
123.633 91.3968 142.454 0.8333 0.1667 0 1 0
123.633 91.3968 150.501 -0.1667 0.1667 0 0 1
-131.867 91.3968 150.501 -0.1667 0.1667 0 0 1
-131.867 90.6594 150.501 -0.1667 0.2451 0 0 1
-131.867 90.6594 150.501 -0.1667 0.2451 0 0 1
123.633 90.6594 150.501 -0.1667 0.2451 0 0 1
123.633 91.3968 150.501 -0.1667 0.1667 0 0 1
123.633 90.6594 143.192 0.7417 0.2451 1 0 0
123.633 81.9897 143.192 0.7417 1.1667 1 0 0
123.633 81.9897 142.454 0.8333 1.1667 1 0 0
123.633 90.6594 143.192 0.7417 0.2451 1 0 0
123.633 81.9897 142.454 0.8333 1.1667 1 0 0
123.633 91.3968 142.454 0.8333 0.1667 1 0 0
123.633 90.6594 150.501 -0.1667 0.2451 1 0 0
123.633 90.6594 143.192 0.7417 0.2451 1 0 0
123.633 91.3968 142.454 0.8333 0.1667 1 0 0
123.633 91.3968 150.501 -0.1667 0.1667 1 0 0
123.633 90.6594 150.501 -0.1667 0.2451 1 0 0
123.633 91.3968 142.454 0.8333 0.1667 1 0 0
-131.867 90.6594 150.501 -0.1667 0.2451 -1 0 0
-131.867 91.3968 150.501 -0.1667 0.1667 -1 0 0
-131.867 91.3968 142.454 0.8333 0.1667 -1 0 0
-131.867 90.6594 143.192 0.7417 0.2451 -1 0 0
-131.867 90.6594 150.501 -0.1667 0.2451 -1 0 0
-131.867 91.3968 142.454 0.8333 0.1667 -1 0 0
-131.867 81.9897 142.454 0.8333 1.1667 -1 0 0
-131.867 81.9897 143.192 0.7417 1.1667 -1 0 0
-131.867 90.6594 143.192 0.7417 0.2451 -1 0 0
-131.867 81.9897 142.454 0.8333 1.1667 -1 0 0
-131.867 90.6594 143.192 0.7417 0.2451 -1 0 0
-131.867 91.3968 142.454 0.8333 0.1667 -1 0 0
-128.005 14.5968 225.481 0.1517 0.9198 -1 0 0
-128.005 14.5968 156.501 0.1517 -0.0803 -1 0 0
-128.005 -21.4032 156.501 0.1517 -0.0803 -1 0 0
-128.005 -21.4032 156.501 0.1517 -0.0803 -1 0 0
-128.005 -21.4032 225.481 0.1517 0.9198 -1 0 0
-128.005 14.5968 225.481 0.1517 0.9198 -1 0 0
123.632 14.5968 225.481 1.1517 0.9198 0 0 1
-128.005 14.5968 225.481 0.1517 0.9198 0 0 1
-128.005 -21.4032 225.481 0.1517 0.9198 0 0 1
-128.005 -21.4032 225.481 0.1517 0.9198 0 0 1
123.632 -21.4032 225.481 1.1517 0.9198 0 0 1
123.632 14.5968 225.481 1.1517 0.9198 0 0 1
123.632 14.5968 223.199 1.1517 0.8867 1 0 0
123.632 14.5968 225.481 1.1517 0.9198 1 0 0
123.632 -21.4032 225.481 1.1517 0.9198 1 0 0
123.632 -21.4032 225.481 1.1517 0.9198 1 0 0
123.632 -21.4032 223.199 1.1517 0.8867 1 0 0
123.632 14.5968 223.199 1.1517 0.8867 1 0 0
-125.723 14.5968 223.199 0.1608 0.8867 0 0 -1
123.632 14.5968 223.199 1.1517 0.8867 0 0 -1
123.632 -21.4032 223.199 1.1517 0.8867 0 0 -1
123.632 -21.4032 223.199 1.1517 0.8867 0 0 -1
-125.723 -21.4032 223.199 0.1608 0.8867 0 0 -1
-125.723 14.5968 223.199 0.1608 0.8867 0 0 -1
-125.723 14.5968 156.501 0.1608 -0.0802 1 0 0
-125.723 14.5968 223.199 0.1608 0.8867 1 0 0
-125.723 -21.4032 223.199 0.1608 0.8867 1 0 0
-125.723 -21.4032 223.199 0.1608 0.8867 1 0 0
-125.723 -21.4032 156.501 0.1608 -0.0802 1 0 0
-125.723 14.5968 156.501 0.1608 -0.0802 1 0 0
-128.005 14.5968 156.501 0.1517 -0.0803 0 0 -1
-125.723 14.5968 156.501 0.1608 -0.0802 0 0 -1
-125.723 -21.4032 156.501 0.1608 -0.0802 0 0 -1
-125.723 -21.4032 156.501 0.1608 -0.0802 0 0 -1
-128.005 -21.4032 156.501 0.1517 -0.0803 0 0 -1
-128.005 14.5968 156.501 0.1517 -0.0803 0 0 -1
-125.723 -21.4032 223.199 0.1608 0.8867 0 -1 0
123.632 -21.4032 223.199 1.1517 0.8867 0 -1 0
123.632 -21.4032 225.481 1.1517 0.9198 0 -1 0
-125.723 -21.4032 223.199 0.1608 0.8867 0 -1 0
123.632 -21.4032 225.481 1.1517 0.9198 0 -1 0
-128.005 -21.4032 225.481 0.1517 0.9198 0 -1 0
-125.723 -21.4032 156.501 0.1608 -0.0802 0 -1 0
-125.723 -21.4032 223.199 0.1608 0.8867 0 -1 0
-128.005 -21.4032 225.481 0.1517 0.9198 0 -1 0
-125.723 -21.4032 156.501 0.1608 -0.0802 0 -1 0
-128.005 -21.4032 225.481 0.1517 0.9198 0 -1 0
-128.005 -21.4032 156.501 0.1517 -0.0803 0 -1 0
-125.723 14.5968 156.501 0.1608 -0.0802 0 1 0
-128.005 14.5968 156.501 0.1517 -0.0803 0 1 0
-128.005 14.5968 225.481 0.1517 0.9198 0 1 0
123.632 14.5968 225.481 1.1517 0.9198 0 1 0
123.632 14.5968 223.199 1.1517 0.8867 0 1 0
-125.723 14.5968 223.199 0.1608 0.8867 0 1 0
-128.005 14.5968 225.481 0.1517 0.9198 0 1 0
123.632 14.5968 225.481 1.1517 0.9198 0 1 0
-125.723 14.5968 223.199 0.1608 0.8867 0 1 0
-125.723 14.5968 156.501 0.1608 -0.0802 0 1 0
-128.005 14.5968 225.481 0.1517 0.9198 0 1 0
-125.723 14.5968 223.199 0.1608 0.8867 0 1 0
-130.155 18.1968 227.531 0.1462 0.9365 -1 0 0
-130.155 18.1968 156.501 0.1462 -0.0635 -1 0 0
-130.155 14.5968 156.501 0.1462 -0.0635 -1 0 0
-130.155 14.5968 156.501 0.1462 -0.0635 -1 0 0
-130.155 14.5968 227.531 0.1462 0.9365 -1 0 0
-130.155 18.1968 227.531 0.1462 0.9365 -1 0 0
123.632 18.1968 227.531 1.1462 0.9365 0 0 1
-130.155 18.1968 227.531 0.1462 0.9365 0 0 1
-130.155 14.5968 227.531 0.1462 0.9365 0 0 1
-130.155 14.5968 227.531 0.1462 0.9365 0 0 1
123.632 14.5968 227.531 1.1462 0.9365 0 0 1
123.632 18.1968 227.531 1.1462 0.9365 0 0 1
123.632 18.1968 221.149 1.1462 0.8466 1 0 0
123.632 18.1968 227.531 1.1462 0.9365 1 0 0
123.632 14.5968 227.531 1.1462 0.9365 1 0 0
123.632 14.5968 227.531 1.1462 0.9365 1 0 0
123.632 14.5968 221.149 1.1462 0.8466 1 0 0
123.632 18.1968 221.149 1.1462 0.8466 1 0 0
-123.772 18.1968 221.149 0.1714 0.8466 0 0 -1
123.632 18.1968 221.149 1.1462 0.8466 0 0 -1
123.632 14.5968 221.149 1.1462 0.8466 0 0 -1
123.632 14.5968 221.149 1.1462 0.8466 0 0 -1
-123.772 14.5968 221.149 0.1714 0.8466 0 0 -1
-123.772 18.1968 221.149 0.1714 0.8466 0 0 -1
-123.772 18.1968 156.501 0.1714 -0.0635 1 0 0
-123.772 18.1968 221.149 0.1714 0.8466 1 0 0
-123.772 14.5968 221.149 0.1714 0.8466 1 0 0
-123.772 14.5968 221.149 0.1714 0.8466 1 0 0
-123.772 14.5968 156.501 0.1714 -0.0635 1 0 0
-123.772 18.1968 156.501 0.1714 -0.0635 1 0 0
-130.155 18.1968 156.501 0.1462 -0.0635 0 0 -1
-123.772 18.1968 156.501 0.1714 -0.0635 0 0 -1
-123.772 14.5968 156.501 0.1714 -0.0635 0 0 -1
-123.772 14.5968 156.501 0.1714 -0.0635 0 0 -1
-130.155 14.5968 156.501 0.1462 -0.0635 0 0 -1
-130.155 18.1968 156.501 0.1462 -0.0635 0 0 -1
-123.772 14.5968 221.149 0.1714 0.8466 0 -1 0
123.632 14.5968 221.149 1.1462 0.8466 0 -1 0
123.632 14.5968 227.531 1.1462 0.9365 0 -1 0
-123.772 14.5968 221.149 0.1714 0.8466 0 -1 0
123.632 14.5968 227.531 1.1462 0.9365 0 -1 0
-130.155 14.5968 227.531 0.1462 0.9365 0 -1 0
-123.772 14.5968 156.501 0.1714 -0.0635 0 -1 0
-123.772 14.5968 221.149 0.1714 0.8466 0 -1 0
-130.155 14.5968 227.531 0.1462 0.9365 0 -1 0
-123.772 14.5968 156.501 0.1714 -0.0635 0 -1 0
-130.155 14.5968 227.531 0.1462 0.9365 0 -1 0
-130.155 14.5968 156.501 0.1462 -0.0635 0 -1 0
-123.772 18.1968 156.501 0.1714 -0.0635 0 1 0
-130.155 18.1968 156.501 0.1462 -0.0635 0 1 0
-130.155 18.1968 227.531 0.1462 0.9365 0 1 0
123.632 18.1968 227.531 1.1462 0.9365 0 1 0
123.632 18.1968 221.149 1.1462 0.8466 0 1 0
-123.772 18.1968 221.149 0.1714 0.8466 0 1 0
-130.155 18.1968 227.531 0.1462 0.9365 0 1 0
123.632 18.1968 227.531 1.1462 0.9365 0 1 0
-123.772 18.1968 221.149 0.1714 0.8466 0 1 0
-123.772 18.1968 156.501 0.1714 -0.0635 0 1 0
-130.155 18.1968 227.531 0.1462 0.9365 0 1 0
-123.772 18.1968 221.149 0.1714 0.8466 0 1 0
-131.497 -21.4032 228.905 0.1428 0.9472 -1 0 0
-131.497 -21.4032 156.501 0.1428 -0.0528001 -1 0 0
-131.497 -28.6032 156.501 0.1428 -0.0528001 -1 0 0
-131.497 -28.6032 156.501 0.1428 -0.0528001 -1 0 0
-131.497 -28.6032 228.905 0.1428 0.9472 -1 0 0
-131.497 -21.4032 228.905 0.1428 0.9472 -1 0 0
123.632 -21.4032 228.905 1.1428 0.9472 0 0 1
-131.497 -21.4032 228.905 0.1428 0.9472 0 0 1
-131.497 -28.6032 228.905 0.1428 0.9472 0 0 1
-131.497 -28.6032 228.905 0.1428 0.9472 0 0 1
123.632 -28.6032 228.905 1.1428 0.9472 0 0 1
123.632 -21.4032 228.905 1.1428 0.9472 0 0 1
123.632 -21.4032 219.775 1.1428 0.8211 1 0 0
123.632 -21.4032 228.905 1.1428 0.9472 1 0 0
123.632 -28.6032 228.905 1.1428 0.9472 1 0 0
123.632 -28.6032 228.905 1.1428 0.9472 1 0 0
123.632 -28.6032 219.775 1.1428 0.8211 1 0 0
123.632 -21.4032 219.775 1.1428 0.8211 1 0 0
-122.368 -21.4032 219.775 0.1786 0.8211 0 0 -1
123.632 -21.4032 219.775 1.1428 0.8211 0 0 -1
123.632 -28.6032 219.775 1.1428 0.8211 0 0 -1
123.632 -28.6032 219.775 1.1428 0.8211 0 0 -1
-122.368 -28.6032 219.775 0.1786 0.8211 0 0 -1
-122.368 -21.4032 219.775 0.1786 0.8211 0 0 -1
-122.368 -21.4032 156.501 0.1786 -0.0528001 1 0 0
-122.368 -21.4032 219.775 0.1786 0.8211 1 0 0
-122.368 -28.6032 219.775 0.1786 0.8211 1 0 0
-122.368 -28.6032 219.775 0.1786 0.8211 1 0 0
-122.368 -28.6032 156.501 0.1786 -0.0528001 1 0 0
-122.368 -21.4032 156.501 0.1786 -0.0528001 1 0 0
-131.497 -21.4032 156.501 0.1428 -0.0528001 0 0 -1
-122.368 -21.4032 156.501 0.1786 -0.0528001 0 0 -1
-122.368 -28.6032 156.501 0.1786 -0.0528001 0 0 -1
-122.368 -28.6032 156.501 0.1786 -0.0528001 0 0 -1
-131.497 -28.6032 156.501 0.1428 -0.0528001 0 0 -1
-131.497 -21.4032 156.501 0.1428 -0.0528001 0 0 -1
-122.368 -28.6032 219.775 0.1786 0.8211 0 -1 0
123.632 -28.6032 219.775 1.1428 0.8211 0 -1 0
123.632 -28.6032 228.905 1.1428 0.9472 0 -1 0
-122.368 -28.6032 219.775 0.1786 0.8211 0 -1 0
123.632 -28.6032 228.905 1.1428 0.9472 0 -1 0
-131.497 -28.6032 228.905 0.1428 0.9472 0 -1 0
-122.368 -28.6032 156.501 0.1786 -0.0528001 0 -1 0
-122.368 -28.6032 219.775 0.1786 0.8211 0 -1 0
-131.497 -28.6032 228.905 0.1428 0.9472 0 -1 0
-122.368 -28.6032 156.501 0.1786 -0.0528001 0 -1 0
-131.497 -28.6032 228.905 0.1428 0.9472 0 -1 0
-131.497 -28.6032 156.501 0.1428 -0.0528001 0 -1 0
-122.368 -21.4032 156.501 0.1786 -0.0528001 0 1 0
-131.497 -21.4032 156.501 0.1428 -0.0528001 0 1 0
-131.497 -21.4032 228.905 0.1428 0.9472 0 1 0
123.632 -21.4032 228.905 1.1428 0.9472 0 1 0
123.632 -21.4032 219.775 1.1428 0.8211 0 1 0
-122.368 -21.4032 219.775 0.1786 0.8211 0 1 0
-131.497 -21.4032 228.905 0.1428 0.9472 0 1 0
123.632 -21.4032 228.905 1.1428 0.9472 0 1 0
-122.368 -21.4032 219.775 0.1786 0.8211 0 1 0
-122.368 -21.4032 156.501 0.1786 -0.0528001 0 1 0
-131.497 -21.4032 228.905 0.1428 0.9472 0 1 0
-122.368 -21.4032 219.775 0.1786 0.8211 0 1 0
129.846 91.3968 -146.095 1 0 0 1 0
123.846 91.3968 -146.095 1 0 0 1 0
123.846 91.3968 30.9049 0 0 0 1 0
123.846 91.3968 30.9049 0 0 0 1 0
129.846 91.3968 30.9049 0 0 0 1 0
129.846 91.3968 -146.095 1 0 0 1 0
129.846 91.3968 30.9049 0 0 0 0 1
123.846 91.3968 30.9049 0 0 0 0 1
123.846 -28.6032 30.9049 0 1 0 0 1
123.846 -28.6032 30.9049 0 1 0 0 1
129.846 -28.6032 30.9049 0 1 0 0 1
129.846 91.3968 30.9049 0 0 0 0 1
129.846 -28.6032 30.9049 0 1 0 -1 0
123.846 -28.6032 30.9049 0 1 0 -1 0
123.846 -28.6032 -146.095 1 1 0 -1 0
123.846 -28.6032 -146.095 1 1 0 -1 0
129.846 -28.6032 -146.095 1 1 0 -1 0
129.846 -28.6032 30.9049 0 1 0 -1 0
129.846 -28.6032 -146.095 1 1 0 0 -1
123.846 -28.6032 -146.095 1 1 0 0 -1
123.846 91.3968 -146.095 1 0 0 0 -1
123.846 91.3968 -146.095 1 0 0 0 -1
129.846 91.3968 -146.095 1 0 0 0 -1
129.846 -28.6032 -146.095 1 1 0 0 -1
129.846 -26.3593 -143.851 0.9873 0.9813 0 1 0
123.846 -26.3593 -143.851 0.9873 0.9813 0 1 0
123.846 -26.3593 28.661 0.0127 0.9813 0 1 0
123.846 -26.3593 28.661 0.0127 0.9813 0 1 0
129.846 -26.3593 28.661 0.0127 0.9813 0 1 0
129.846 -26.3593 -143.851 0.9873 0.9813 0 1 0
129.846 -26.3593 28.661 0.0127 0.9813 0 0 -1
123.846 -26.3593 28.661 0.0127 0.9813 0 0 -1
123.846 89.1529 28.661 0.0127 0.0187 0 0 -1
123.846 89.1529 28.661 0.0127 0.0187 0 0 -1
129.846 89.1529 28.661 0.0127 0.0187 0 0 -1
129.846 -26.3593 28.661 0.0127 0.9813 0 0 -1
129.846 89.1529 28.661 0.0127 0.0187 0 -1 0
123.846 89.1529 28.661 0.0127 0.0187 0 -1 0
123.846 89.1529 -143.851 0.9873 0.0187 0 -1 0
123.846 89.1529 -143.851 0.9873 0.0187 0 -1 0
129.846 89.1529 -143.851 0.9873 0.0187 0 -1 0
129.846 89.1529 28.661 0.0127 0.0187 0 -1 0
129.846 89.1529 -143.851 0.9873 0.0187 0 0 1
123.846 89.1529 -143.851 0.9873 0.0187 0 0 1
123.846 -26.3593 -143.851 0.9873 0.9813 0 0 1
123.846 -26.3593 -143.851 0.9873 0.9813 0 0 1
129.846 -26.3593 -143.851 0.9873 0.9813 0 0 1
129.846 89.1529 -143.851 0.9873 0.0187 0 0 1
129.846 -26.3593 28.661 0.0127 0.9813 1 0 0
129.846 91.3968 30.9049 0 0 1 0 0
129.846 -28.6032 30.9049 0 1 1 0 0
129.846 -26.3593 -143.851 0.9873 0.9813 1 0 0
129.846 -26.3593 28.661 0.0127 0.9813 1 0 0
129.846 -28.6032 30.9049 0 1 1 0 0
129.846 -26.3593 -143.851 0.9873 0.9813 1 0 0
129.846 -28.6032 30.9049 0 1 1 0 0
129.846 -28.6032 -146.095 1 1 1 0 0
129.846 91.3968 30.9049 0 0 1 0 0
129.846 -26.3593 28.661 0.0127 0.9813 1 0 0
129.846 89.1529 28.661 0.0127 0.0187 1 0 0
129.846 91.3968 30.9049 0 0 1 0 0
129.846 89.1529 28.661 0.0127 0.0187 1 0 0
129.846 89.1529 -143.851 0.9873 0.0187 1 0 0
129.846 91.3968 -146.095 1 0 1 0 0
129.846 91.3968 30.9049 0 0 1 0 0
129.846 89.1529 -143.851 0.9873 0.0187 1 0 0
129.846 91.3968 -146.095 1 0 1 0 0
129.846 89.1529 -143.851 0.9873 0.0187 1 0 0
129.846 -26.3593 -143.851 0.9873 0.9813 1 0 0
129.846 91.3968 -146.095 1 0 1 0 0
129.846 -26.3593 -143.851 0.9873 0.9813 1 0 0
129.846 -28.6032 -146.095 1 1 1 0 0
123.846 89.1529 28.661 0.0127 0.0187 -1 0 0
123.846 -26.3593 28.661 0.0127 0.9813 -1 0 0
123.846 91.3968 30.9049 0 0 -1 0 0
123.846 89.1529 -143.851 0.9873 0.0187 -1 0 0
123.846 89.1529 28.661 0.0127 0.0187 -1 0 0
123.846 91.3968 30.9049 0 0 -1 0 0
123.846 89.1529 -143.851 0.9873 0.0187 -1 0 0
123.846 91.3968 30.9049 0 0 -1 0 0
123.846 91.3968 -146.095 1 0 -1 0 0
123.846 -26.3593 -143.851 0.9873 0.9813 -1 0 0
123.846 89.1529 -143.851 0.9873 0.0187 -1 0 0
123.846 91.3968 -146.095 1 0 -1 0 0
123.846 -26.3593 -143.851 0.9873 0.9813 -1 0 0
123.846 91.3968 -146.095 1 0 -1 0 0
123.846 -28.6032 -146.095 1 1 -1 0 0
123.846 -28.6032 30.9049 0 1 -1 0 0
123.846 91.3968 30.9049 0 0 -1 0 0
123.846 -26.3593 28.661 0.0127 0.9813 -1 0 0
123.846 -28.6032 30.9049 0 1 -1 0 0
123.846 -26.3593 28.661 0.0127 0.9813 -1 0 0
123.846 -26.3593 -143.851 0.9873 0.9813 -1 0 0
123.846 -28.6032 30.9049 0 1 -1 0 0
123.846 -26.3593 -143.851 0.9873 0.9813 -1 0 0
123.846 -28.6032 -146.095 1 1 -1 0 0
