Vertex Count: 36

Data:

123.633 64.3985 56.759 0.9995 0.000500023 0.5774 0.5774 -0.5774
122.433 64.3985 56.759 0.9995 0.000500023 -0.5774 0.5774 -0.5774
122.433 64.3985 133.954 0.0005 0.000500023 -0.5774 0.5774 0.5774
122.433 64.3985 133.954 0.0005 0.000500023 -0.5774 0.5774 0.5774
123.633 64.3985 133.954 0.0005 0.000500023 0.5774 0.5774 0.5774
123.633 64.3985 56.759 0.9995 0.000500023 0.5774 0.5774 -0.5774
123.633 64.3985 133.954 0.0005 0.000500023 0.5774 0.5774 0.5774
122.433 64.3985 133.954 0.0005 0.000500023 -0.5774 0.5774 0.5774
122.433 15.8265 133.954 0.0005 0.9995 -0.5774 -0.5774 0.5774
122.433 15.8265 133.954 0.0005 0.9995 -0.5774 -0.5774 0.5774
123.633 15.8265 133.954 0.0005 0.9995 0.5774 -0.5774 0.5774
123.633 64.3985 133.954 0.0005 0.000500023 0.5774 0.5774 0.5774
123.633 15.8265 133.954 0.0005 0.9995 0.5774 -0.5774 0.5774
122.433 15.8265 133.954 0.0005 0.9995 -0.5774 -0.5774 0.5774
122.433 15.8265 56.759 0.9995 0.9995 -0.5774 -0.5774 -0.5774
122.433 15.8265 56.759 0.9995 0.9995 -0.5774 -0.5774 -0.5774
123.633 15.8265 56.759 0.9995 0.9995 0.5774 -0.5774 -0.5774
123.633 15.8265 133.954 0.0005 0.9995 0.5774 -0.5774 0.5774
123.633 15.8265 56.759 0.9995 0.9995 0.5774 -0.5774 -0.5774
122.433 15.8265 56.759 0.9995 0.9995 -0.5774 -0.5774 -0.5774
122.433 64.3985 56.759 0.9995 0.000500023 -0.5774 0.5774 -0.5774
122.433 64.3985 56.759 0.9995 0.000500023 -0.5774 0.5774 -0.5774
123.633 64.3985 56.759 0.9995 0.000500023 0.5774 0.5774 -0.5774
123.633 15.8265 56.759 0.9995 0.9995 0.5774 -0.5774 -0.5774
123.633 64.3985 56.759 0.9995 0.000500023 0.5774 0.5774 -0.5774
123.633 64.3985 133.954 0.0005 0.000500023 0.5774 0.5774 0.5774
123.633 15.8265 133.954 0.0005 0.9995 0.5774 -0.5774 0.5774
123.633 15.8265 133.954 0.0005 0.9995 0.5774 -0.5774 0.5774
123.633 15.8265 56.759 0.9995 0.9995 0.5774 -0.5774 -0.5774
123.633 64.3985 56.759 0.9995 0.000500023 0.5774 0.5774 -0.5774
122.433 15.8265 133.954 0.0005 0.9995 -0.5774 -0.5774 0.5774
122.433 64.3985 133.954 0.0005 0.000500023 -0.5774 0.5774 0.5774
122.433 64.3985 56.759 0.9995 0.000500023 -0.5774 0.5774 -0.5774
122.433 64.3985 56.759 0.9995 0.000500023 -0.5774 0.5774 -0.5774
122.433 15.8265 56.759 0.9995 0.9995 -0.5774 -0.5774 -0.5774
122.433 15.8265 133.954 0.0005 0.9995 -0.5774 -0.5774 0.5774
