Vertex Count: 36

Data:

-122.368 -28.6032 84.9048 0.2267 1.3909 0.5774 -0.5774 0.5774
-122.368 67.3968 84.9048 0.2267 -0.3909 0.5774 0.5774 0.5774
-152.368 67.3968 84.9048 0.7733 -0.3909 -0.5774 0.5774 0.5774
-152.368 67.3968 84.9048 0.7733 -0.3909 -0.5774 0.5774 0.5774
-152.368 -28.6032 84.9048 0.7733 1.3909 -0.5774 -0.5774 0.5774
-122.368 -28.6032 84.9048 0.2267 1.3909 0.5774 -0.5774 0.5774
-152.368 -28.6032 84.9048 -0.3909 1.3909 -0.5774 -0.5774 0.5774
-152.368 67.3968 84.9048 -0.3909 -0.3909 -0.5774 0.5774 0.5774
-152.368 67.3968 -83.0952 1.3909 -0.3909 -0.5774 0.5774 -0.5774
-152.368 67.3968 -83.0952 1.3909 -0.3909 -0.5774 0.5774 -0.5774
-152.368 -28.6032 -83.0952 1.3909 1.3909 -0.5774 -0.5774 -0.5774
-152.368 -28.6032 84.9048 -0.3909 1.3909 -0.5774 -0.5774 0.5774
-152.368 -28.6032 -83.0952 0.2267 1.3909 -0.5774 -0.5774 -0.5774
-152.368 67.3968 -83.0952 0.2267 -0.3909 -0.5774 0.5774 -0.5774
-122.368 67.3968 -83.0952 0.7733 -0.3909 0.5774 0.5774 -0.5774
-122.368 67.3968 -83.0952 0.7733 -0.3909 0.5774 0.5774 -0.5774
-122.368 -28.6032 -83.0952 0.7733 1.3909 0.5774 -0.5774 -0.5774
-152.368 -28.6032 -83.0952 0.2267 1.3909 -0.5774 -0.5774 -0.5774
-122.368 -28.6032 -83.0952 -0.3909 1.3909 0.5774 -0.5774 -0.5774
-122.368 67.3968 -83.0952 -0.3909 -0.3909 0.5774 0.5774 -0.5774
-122.368 67.3968 84.9048 1.3909 -0.3909 0.5774 0.5774 0.5774
-122.368 67.3968 84.9048 1.3909 -0.3909 0.5774 0.5774 0.5774
-122.368 -28.6032 84.9048 1.3909 1.3909 0.5774 -0.5774 0.5774
-122.368 -28.6032 -83.0952 -0.3909 1.3909 0.5774 -0.5774 -0.5774
-122.368 -28.6032 84.9048 0.2267 -0.3909 0.5774 -0.5774 0.5774
-152.368 -28.6032 84.9048 0.7733 -0.3909 -0.5774 -0.5774 0.5774
-152.368 -28.6032 -83.0952 0.7733 1.3909 -0.5774 -0.5774 -0.5774
-152.368 -28.6032 -83.0952 0.7733 1.3909 -0.5774 -0.5774 -0.5774
-122.368 -28.6032 -83.0952 0.2267 1.3909 0.5774 -0.5774 -0.5774
-122.368 -28.6032 84.9048 0.2267 -0.3909 0.5774 -0.5774 0.5774
-152.368 67.3968 -83.0952 0.2267 1.3909 -0.5774 0.5774 -0.5774
-152.368 67.3968 84.9048 0.2267 -0.3909 -0.5774 0.5774 0.5774
-122.368 67.3968 84.9048 0.7733 -0.3909 0.5774 0.5774 0.5774
-122.368 67.3968 84.9048 0.7733 -0.3909 0.5774 0.5774 0.5774
-122.368 67.3968 -83.0952 0.7733 1.3909 0.5774 0.5774 -0.5774
-152.368 67.3968 -83.0952 0.2267 1.3909 -0.5774 0.5774 -0.5774
