Vertex Count: 96

Data:

123.633 15.8265 56.759 0.9995 0.9995 0.9045 0.3015 0.3015
121.833 15.8265 56.759 0.9995 0.9995 -0.9045 0.3015 0.3015
121.833 15.8265 133.954 0.0005 0.9995 -0.9045 0.3015 -0.3015
121.833 15.8265 133.954 0.0005 0.9995 -0.9045 0.3015 -0.3015
123.633 15.8265 133.954 0.0005 0.9995 0.9045 0.3015 -0.3015
123.633 15.8265 56.759 0.9995 0.9995 0.9045 0.3015 0.3015
123.633 15.8265 133.954 0.0005 0.9995 0.9045 0.3015 -0.3015
121.833 15.8265 133.954 0.0005 0.9995 -0.9045 0.3015 -0.3015
121.833 64.3985 133.954 0.0005 0.000500023 -0.9045 -0.3015 -0.3015
121.833 64.3985 133.954 0.0005 0.000500023 -0.9045 -0.3015 -0.3015
123.633 64.3985 133.954 0.0005 0.000500023 0.9045 -0.3015 -0.3015
123.633 15.8265 133.954 0.0005 0.9995 0.9045 0.3015 -0.3015
123.633 64.3985 133.954 0.0005 0.000500023 0.9045 -0.3015 -0.3015
121.833 64.3985 133.954 0.0005 0.000500023 -0.9045 -0.3015 -0.3015
121.833 64.3985 56.759 0.9995 0.000500023 -0.9045 -0.3015 0.3015
121.833 64.3985 56.759 0.9995 0.000500023 -0.9045 -0.3015 0.3015
123.633 64.3985 56.759 0.9995 0.000500023 0.9045 -0.3015 0.3015
123.633 64.3985 133.954 0.0005 0.000500023 0.9045 -0.3015 -0.3015
123.633 64.3985 56.759 0.9995 0.000500023 0.9045 -0.3015 0.3015
121.833 64.3985 56.759 0.9995 0.000500023 -0.9045 -0.3015 0.3015
121.833 15.8265 56.759 0.9995 0.9995 -0.9045 0.3015 0.3015
121.833 15.8265 56.759 0.9995 0.9995 -0.9045 0.3015 0.3015
123.633 15.8265 56.759 0.9995 0.9995 0.9045 0.3015 0.3015
123.633 64.3985 56.759 0.9995 0.000500023 0.9045 -0.3015 0.3015
123.633 65.7004 55.4571 1.0163 -0.0263 0.5774 0.5774 -0.5774
121.833 65.7004 55.4571 1.0163 -0.0263 -0.5774 0.5774 -0.5774
121.833 65.7004 135.256 -0.0163 -0.0263 -0.5774 0.5773 0.5774
121.833 65.7004 135.256 -0.0163 -0.0263 -0.5774 0.5773 0.5774
123.633 65.7004 135.256 -0.0163 -0.0263 0.5774 0.5774 0.5774
123.633 65.7004 55.4571 1.0163 -0.0263 0.5774 0.5774 -0.5774
123.633 65.7004 135.256 -0.0163 -0.0263 0.5774 0.5774 0.5774
121.833 65.7004 135.256 -0.0163 -0.0263 -0.5774 0.5773 0.5774
121.833 14.5246 135.256 -0.0163 1.0263 -0.5774 -0.5774 0.5774
121.833 14.5246 135.256 -0.0163 1.0263 -0.5774 -0.5774 0.5774
123.633 14.5246 135.256 -0.0163 1.0263 0.5774 -0.5774 0.5774
123.633 65.7004 135.256 -0.0163 -0.0263 0.5774 0.5774 0.5774
123.633 14.5246 135.256 -0.0163 1.0263 0.5774 -0.5774 0.5774
121.833 14.5246 135.256 -0.0163 1.0263 -0.5774 -0.5774 0.5774
121.833 14.5246 55.4571 1.0163 1.0263 -0.5774 -0.5773 -0.5774
121.833 14.5246 55.4571 1.0163 1.0263 -0.5774 -0.5773 -0.5774
123.633 14.5246 55.4571 1.0163 1.0263 0.5774 -0.5774 -0.5774
123.633 14.5246 135.256 -0.0163 1.0263 0.5774 -0.5774 0.5774
123.633 14.5246 55.4571 1.0163 1.0263 0.5774 -0.5774 -0.5774
121.833 14.5246 55.4571 1.0163 1.0263 -0.5774 -0.5773 -0.5774
121.833 65.7004 55.4571 1.0163 -0.0263 -0.5774 0.5774 -0.5774
121.833 65.7004 55.4571 1.0163 -0.0263 -0.5774 0.5774 -0.5774
123.633 65.7004 55.4571 1.0163 -0.0263 0.5774 0.5774 -0.5774
123.633 14.5246 55.4571 1.0163 1.0263 0.5774 -0.5774 -0.5774
123.633 64.3985 133.954 0.0005 0.000500023 0.9045 -0.3015 -0.3015
123.633 65.7004 55.4571 1.0163 -0.0263 0.5774 0.5774 -0.5774
123.633 65.7004 135.256 -0.0163 -0.0263 0.5774 0.5774 0.5774
123.633 15.8265 133.954 0.0005 0.9995 0.9045 0.3015 -0.3015
123.633 64.3985 133.954 0.0005 0.000500023 0.9045 -0.3015 -0.3015
123.633 65.7004 135.256 -0.0163 -0.0263 0.5774 0.5774 0.5774
123.633 15.8265 133.954 0.0005 0.9995 0.9045 0.3015 -0.3015
123.633 65.7004 135.256 -0.0163 -0.0263 0.5774 0.5774 0.5774
123.633 14.5246 135.256 -0.0163 1.0263 0.5774 -0.5774 0.5774
123.633 15.8265 56.759 0.9995 0.9995 0.9045 0.3015 0.3015
123.633 15.8265 133.954 0.0005 0.9995 0.9045 0.3015 -0.3015
123.633 14.5246 135.256 -0.0163 1.0263 0.5774 -0.5774 0.5774
123.633 15.8265 56.759 0.9995 0.9995 0.9045 0.3015 0.3015
123.633 14.5246 135.256 -0.0163 1.0263 0.5774 -0.5774 0.5774
123.633 14.5246 55.4571 1.0163 1.0263 0.5774 -0.5774 -0.5774
123.633 65.7004 55.4571 1.0163 -0.0263 0.5774 0.5774 -0.5774
123.633 64.3985 133.954 0.0005 0.000500023 0.9045 -0.3015 -0.3015
123.633 64.3985 56.759 0.9995 0.000500023 0.9045 -0.3015 0.3015
123.633 65.7004 55.4571 1.0163 -0.0263 0.5774 0.5774 -0.5774
123.633 64.3985 56.759 0.9995 0.000500023 0.9045 -0.3015 0.3015
123.633 15.8265 56.759 0.9995 0.9995 0.9045 0.3015 0.3015
123.633 65.7004 55.4571 1.0163 -0.0263 0.5774 0.5774 -0.5774
123.633 15.8265 56.759 0.9995 0.9995 0.9045 0.3015 0.3015
123.633 14.5246 55.4571 1.0163 1.0263 0.5774 -0.5774 -0.5774
121.833 64.3985 56.759 0.9995 0.000500023 -0.9045 -0.3015 0.3015
121.833 64.3985 133.954 0.0005 0.000500023 -0.9045 -0.3015 -0.3015
121.833 65.7004 55.4571 1.0163 -0.0263 -0.5774 0.5774 -0.5774
121.833 15.8265 56.759 0.9995 0.9995 -0.9045 0.3015 0.3015
121.833 64.3985 56.759 0.9995 0.000500023 -0.9045 -0.3015 0.3015
121.833 65.7004 55.4571 1.0163 -0.0263 -0.5774 0.5774 -0.5774
121.833 15.8265 56.759 0.9995 0.9995 -0.9045 0.3015 0.3015
121.833 65.7004 55.4571 1.0163 -0.0263 -0.5774 0.5774 -0.5774
121.833 14.5246 55.4571 1.0163 1.0263 -0.5774 -0.5773 -0.5774
121.833 65.7004 135.256 -0.0163 -0.0263 -0.5774 0.5773 0.5774
121.833 65.7004 55.4571 1.0163 -0.0263 -0.5774 0.5774 -0.5774
121.833 64.3985 133.954 0.0005 0.000500023 -0.9045 -0.3015 -0.3015
121.833 65.7004 135.256 -0.0163 -0.0263 -0.5774 0.5773 0.5774
121.833 64.3985 133.954 0.0005 0.000500023 -0.9045 -0.3015 -0.3015
121.833 15.8265 133.954 0.0005 0.9995 -0.9045 0.3015 -0.3015
121.833 14.5246 135.256 -0.0163 1.0263 -0.5774 -0.5774 0.5774
121.833 65.7004 135.256 -0.0163 -0.0263 -0.5774 0.5773 0.5774
121.833 15.8265 133.954 0.0005 0.9995 -0.9045 0.3015 -0.3015
121.833 14.5246 135.256 -0.0163 1.0263 -0.5774 -0.5774 0.5774
121.833 15.8265 133.954 0.0005 0.9995 -0.9045 0.3015 -0.3015
121.833 15.8265 56.759 0.9995 0.9995 -0.9045 0.3015 0.3015
121.833 14.5246 135.256 -0.0163 1.0263 -0.5774 -0.5774 0.5774
121.833 15.8265 56.759 0.9995 0.9995 -0.9045 0.3015 0.3015
121.833 14.5246 55.4571 1.0163 1.0263 -0.5774 -0.5773 -0.5774
