Vertex Count: 540

Data:

180.632 -28.6032 -89.0952 0.2961 0.0219 0.5774 -0.5774 0.5774
180.632 -21.4032 -89.0952 0.2961 0.0407 0.5774 0.5774 0.5774
132.632 -21.4032 -89.0952 0.1705 0.0407 -0.5774 0.5774 0.5774
132.632 -21.4032 -89.0952 0.1705 0.0407 -0.5774 0.5774 0.5774
132.632 -28.6032 -89.0952 0.1705 0.0219 -0.5774 -0.5774 0.5774
180.632 -28.6032 -89.0952 0.2961 0.0219 0.5774 -0.5774 0.5774
132.632 -28.6032 -89.0952 0.9794 0.6861 -0.5774 -0.5774 0.5774
132.632 -21.4032 -89.0952 0.9794 0.705 -0.5774 0.5774 0.5774
132.632 -21.4032 -101.095 0.948 0.705 -0.5774 0.5774 -0.5774
132.632 -21.4032 -101.095 0.948 0.705 -0.5774 0.5774 -0.5774
132.632 -28.6032 -101.095 0.948 0.6861 -0.5774 -0.5774 -0.5774
132.632 -28.6032 -89.0952 0.9794 0.6861 -0.5774 -0.5774 0.5774
132.632 -28.6032 -101.095 0.7372 0.3149 -0.5774 -0.5774 -0.5774
132.632 -21.4032 -101.095 0.7372 0.3338 -0.5774 0.5774 -0.5774
180.632 -21.4032 -101.095 0.6116 0.3338 0.5774 0.5774 -0.5774
180.632 -21.4032 -101.095 0.6116 0.3338 0.5774 0.5774 -0.5774
180.632 -28.6032 -101.095 0.6116 0.3149 0.5774 -0.5774 -0.5774
132.632 -28.6032 -101.095 0.7372 0.3149 -0.5774 -0.5774 -0.5774
180.632 -28.6032 -101.095 0.9471 0.5211 0.5774 -0.5774 -0.5774
180.632 -21.4032 -101.095 0.9471 0.5399 0.5774 0.5774 -0.5774
180.632 -21.4032 -89.0952 0.9157 0.5399 0.5774 0.5774 0.5774
180.632 -21.4032 -89.0952 0.9157 0.5399 0.5774 0.5774 0.5774
180.632 -28.6032 -89.0952 0.9157 0.5211 0.5774 -0.5774 0.5774
180.632 -28.6032 -101.095 0.9471 0.5211 0.5774 -0.5774 -0.5774
180.632 -28.6032 -89.0952 0.1705 0.0622 0.5774 -0.5774 0.5774
132.632 -28.6032 -89.0952 0.2961 0.0622 -0.5774 -0.5774 0.5774
132.632 -28.6032 -101.095 0.2961 0.0936 -0.5774 -0.5774 -0.5774
132.632 -28.6032 -101.095 0.2961 0.0936 -0.5774 -0.5774 -0.5774
180.632 -28.6032 -101.095 0.1705 0.0936 0.5774 -0.5774 -0.5774
180.632 -28.6032 -89.0952 0.1705 0.0622 0.5774 -0.5774 0.5774
132.632 -21.4032 -101.095 0.4431 0.1967 -0.5774 0.5774 -0.5774
132.632 -21.4032 -89.0952 0.4431 0.2281 -0.5774 0.5774 0.5774
180.632 -21.4032 -89.0952 0.3175 0.2281 0.5774 0.5774 0.5774
180.632 -21.4032 -89.0952 0.3175 0.2281 0.5774 0.5774 0.5774
180.632 -21.4032 -101.095 0.3175 0.1967 0.5774 0.5774 -0.5774
132.632 -21.4032 -101.095 0.4431 0.1967 -0.5774 0.5774 -0.5774
180.632 -28.6032 -77.0952 0.4431 0.4609 0.5774 -0.5774 0.5774
180.632 -14.2032 -77.0952 0.4431 0.4986 0.5774 0.5774 0.5774
132.632 -14.2032 -77.0952 0.3175 0.4986 -0.5774 0.5774 0.5774
132.632 -14.2032 -77.0952 0.3175 0.4986 -0.5774 0.5774 0.5774
132.632 -28.6032 -77.0952 0.3175 0.4609 -0.5774 -0.5774 0.5774
180.632 -28.6032 -77.0952 0.4431 0.4609 0.5774 -0.5774 0.5774
132.632 -28.6032 -77.0952 0.8196 0.0561 -0.5774 -0.5774 0.5774
132.632 -14.2032 -77.0952 0.8573 0.0561 -0.5774 0.5774 0.5774
132.632 -14.2032 -89.0952 0.8573 0.0875 -0.5774 0.5774 -0.5774
132.632 -14.2032 -89.0952 0.8573 0.0875 -0.5774 0.5774 -0.5774
132.632 -28.6032 -89.0952 0.8196 0.0875 -0.5774 -0.5774 -0.5774
132.632 -28.6032 -77.0952 0.8196 0.0561 -0.5774 -0.5774 0.5774
132.632 -28.6032 -89.0952 0.7795 0.6833 -0.5774 -0.5774 -0.5774
132.632 -14.2032 -89.0952 0.7795 0.721 -0.5774 0.5774 -0.5774
180.632 -14.2032 -89.0952 0.6539 0.721 0.5774 0.5774 -0.5774
180.632 -14.2032 -89.0952 0.6539 0.721 0.5774 0.5774 -0.5774
180.632 -28.6032 -89.0952 0.6539 0.6833 0.5774 -0.5774 -0.5774
132.632 -28.6032 -89.0952 0.7795 0.6833 -0.5774 -0.5774 -0.5774
180.632 -28.6032 -89.0952 0.9445 0.9586 0.5774 -0.5774 -0.5774
180.632 -14.2032 -89.0952 0.9822 0.9586 0.5774 0.5774 -0.5774
180.632 -14.2032 -77.0952 0.9822 0.99 0.5774 0.5774 0.5774
180.632 -14.2032 -77.0952 0.9822 0.99 0.5774 0.5774 0.5774
180.632 -28.6032 -77.0952 0.9445 0.99 0.5774 -0.5774 0.5774
180.632 -28.6032 -89.0952 0.9445 0.9586 0.5774 -0.5774 -0.5774
180.632 -28.6032 -77.0952 0.7587 0.4081 0.5774 -0.5774 0.5774
132.632 -28.6032 -77.0952 0.8843 0.4081 -0.5774 -0.5774 0.5774
132.632 -28.6032 -89.0952 0.8843 0.4395 -0.5774 -0.5774 -0.5774
132.632 -28.6032 -89.0952 0.8843 0.4395 -0.5774 -0.5774 -0.5774
180.632 -28.6032 -89.0952 0.7587 0.4395 0.5774 -0.5774 -0.5774
180.632 -28.6032 -77.0952 0.7587 0.4081 0.5774 -0.5774 0.5774
132.632 -14.2032 -89.0952 0.7372 0.3552 -0.5774 0.5774 -0.5774
132.632 -14.2032 -77.0952 0.7372 0.3866 -0.5774 0.5774 0.5774
180.632 -14.2032 -77.0952 0.6116 0.3866 0.5774 0.5774 0.5774
180.632 -14.2032 -77.0952 0.6116 0.3866 0.5774 0.5774 0.5774
180.632 -14.2032 -89.0952 0.6116 0.3552 0.5774 0.5774 -0.5774
132.632 -14.2032 -89.0952 0.7372 0.3552 -0.5774 0.5774 -0.5774
180.632 -28.6032 -65.0952 0.1356 0.1722 0.5774 -0.5774 0.5774
180.632 -7.0032 -65.0952 0.1356 0.2287 0.5774 0.5774 0.5774
132.632 -7.0032 -65.0952 0.01 0.2287 -0.5774 0.5774 0.5774
132.632 -7.0032 -65.0952 0.01 0.2287 -0.5774 0.5774 0.5774
132.632 -28.6032 -65.0952 0.01 0.1722 -0.5774 -0.5774 0.5774
180.632 -28.6032 -65.0952 0.1356 0.1722 0.5774 -0.5774 0.5774
132.632 -28.6032 -65.0952 0.7344 0.0561 -0.5774 -0.5774 0.5774
132.632 -7.0032 -65.0952 0.791 0.0561 -0.5774 0.5774 0.5774
132.632 -7.0032 -77.0952 0.791 0.0875 -0.5774 0.5774 -0.5774
132.632 -7.0032 -77.0952 0.791 0.0875 -0.5774 0.5774 -0.5774
132.632 -28.6032 -77.0952 0.7344 0.0875 -0.5774 -0.5774 -0.5774
132.632 -28.6032 -65.0952 0.7344 0.0561 -0.5774 -0.5774 0.5774
132.632 -28.6032 -77.0952 0.2961 0.3264 -0.5774 -0.5774 -0.5774
132.632 -7.0032 -77.0952 0.2961 0.383 -0.5774 0.5774 -0.5774
180.632 -7.0032 -77.0952 0.1705 0.383 0.5774 0.5774 -0.5774
180.632 -7.0032 -77.0952 0.1705 0.383 0.5774 0.5774 -0.5774
180.632 -28.6032 -77.0952 0.1705 0.3264 0.5774 -0.5774 -0.5774
132.632 -28.6032 -77.0952 0.2961 0.3264 -0.5774 -0.5774 -0.5774
180.632 -28.6032 -77.0952 0.4646 0.0166 0.5774 -0.5774 -0.5774
180.632 -7.0032 -77.0952 0.5211 0.0166 0.5774 0.5774 -0.5774
180.632 -7.0032 -65.0952 0.5211 0.048 0.5774 0.5774 0.5774
180.632 -7.0032 -65.0952 0.5211 0.048 0.5774 0.5774 0.5774
180.632 -28.6032 -65.0952 0.4646 0.048 0.5774 -0.5774 0.5774
180.632 -28.6032 -77.0952 0.4646 0.0166 0.5774 -0.5774 -0.5774
180.632 -28.6032 -65.0952 0.6116 0.4672 0.5774 -0.5774 0.5774
132.632 -28.6032 -65.0952 0.7372 0.4672 -0.5774 -0.5774 0.5774
132.632 -28.6032 -77.0952 0.7372 0.4986 -0.5774 -0.5774 -0.5774
132.632 -28.6032 -77.0952 0.7372 0.4986 -0.5774 -0.5774 -0.5774
180.632 -28.6032 -77.0952 0.6116 0.4986 0.5774 -0.5774 -0.5774
180.632 -28.6032 -65.0952 0.6116 0.4672 0.5774 -0.5774 0.5774
132.632 -7.0032 -77.0952 0.5902 0.4081 -0.5774 0.5774 -0.5774
132.632 -7.0032 -65.0952 0.5902 0.4395 -0.5774 0.5774 0.5774
180.632 -7.0032 -65.0952 0.4646 0.4395 0.5774 0.5774 0.5774
180.632 -7.0032 -65.0952 0.4646 0.4395 0.5774 0.5774 0.5774
180.632 -7.0032 -77.0952 0.4646 0.4081 0.5774 0.5774 -0.5774
132.632 -7.0032 -77.0952 0.5902 0.4081 -0.5774 0.5774 -0.5774
180.632 -28.6032 -53.0952 0.7795 0.7425 0.5774 -0.5774 0.5774
180.632 0.1968 -53.0952 0.7795 0.8178 0.5774 0.5774 0.5774
132.632 0.1968 -53.0952 0.6539 0.8178 -0.5774 0.5774 0.5774
132.632 0.1968 -53.0952 0.6539 0.8178 -0.5774 0.5774 0.5774
132.632 -28.6032 -53.0952 0.6539 0.7425 -0.5774 -0.5774 0.5774
180.632 -28.6032 -53.0952 0.7795 0.7425 0.5774 -0.5774 0.5774
132.632 -28.6032 -53.0952 0.9003 0.1967 -0.5774 -0.5774 0.5774
132.632 0.1968 -53.0952 0.9757 0.1967 -0.5774 0.5774 0.5774
132.632 0.1968 -65.0952 0.9757 0.2281 -0.5774 0.5774 -0.5774
132.632 0.1968 -65.0952 0.9757 0.2281 -0.5774 0.5774 -0.5774
132.632 -28.6032 -65.0952 0.9003 0.2281 -0.5774 -0.5774 -0.5774
132.632 -28.6032 -53.0952 0.9003 0.1967 -0.5774 -0.5774 0.5774
132.632 -28.6032 -65.0952 0.5867 0.5703 -0.5774 -0.5774 -0.5774
132.632 0.1968 -65.0952 0.5867 0.6457 -0.5774 0.5774 -0.5774
180.632 0.1968 -65.0952 0.4611 0.6457 0.5774 0.5774 -0.5774
180.632 0.1968 -65.0952 0.4611 0.6457 0.5774 0.5774 -0.5774
180.632 -28.6032 -65.0952 0.4611 0.5703 0.5774 -0.5774 -0.5774
132.632 -28.6032 -65.0952 0.5867 0.5703 -0.5774 -0.5774 -0.5774
180.632 -28.6032 -65.0952 0.4646 0.0766 0.5774 -0.5774 -0.5774
180.632 0.1968 -65.0952 0.5399 0.0766 0.5774 0.5774 -0.5774
180.632 0.1968 -53.0952 0.5399 0.108 0.5774 0.5774 0.5774
180.632 0.1968 -53.0952 0.5399 0.108 0.5774 0.5774 0.5774
180.632 -28.6032 -53.0952 0.4646 0.108 0.5774 -0.5774 0.5774
180.632 -28.6032 -65.0952 0.4646 0.0766 0.5774 -0.5774 -0.5774
180.632 -28.6032 -53.0952 0.6116 0.4081 0.5774 -0.5774 0.5774
132.632 -28.6032 -53.0952 0.7372 0.4081 -0.5774 -0.5774 0.5774
132.632 -28.6032 -65.0952 0.7372 0.4395 -0.5774 -0.5774 -0.5774
132.632 -28.6032 -65.0952 0.7372 0.4395 -0.5774 -0.5774 -0.5774
180.632 -28.6032 -65.0952 0.6116 0.4395 0.5774 -0.5774 -0.5774
180.632 -28.6032 -53.0952 0.6116 0.4081 0.5774 -0.5774 0.5774
132.632 0.1968 -65.0952 0.5902 0.3552 -0.5774 0.5774 -0.5774
132.632 0.1968 -53.0952 0.5902 0.3866 -0.5774 0.5774 0.5774
180.632 0.1968 -53.0952 0.4646 0.3866 0.5774 0.5774 0.5774
180.632 0.1968 -53.0952 0.4646 0.3866 0.5774 0.5774 0.5774
180.632 0.1968 -65.0952 0.4646 0.3552 0.5774 0.5774 -0.5774
132.632 0.1968 -65.0952 0.5902 0.3552 -0.5774 0.5774 -0.5774
180.632 -28.6032 -41.0952 0.1356 0.2502 0.5774 -0.5774 0.5774
180.632 7.3968 -41.0952 0.1356 0.3444 0.5774 0.5774 0.5774
132.632 7.3968 -41.0952 0.01 0.3444 -0.5774 0.5774 0.5774
132.632 7.3968 -41.0952 0.01 0.3444 -0.5774 0.5774 0.5774
132.632 -28.6032 -41.0952 0.01 0.2502 -0.5774 -0.5774 0.5774
180.632 -28.6032 -41.0952 0.1356 0.2502 0.5774 -0.5774 0.5774
132.632 -28.6032 -41.0952 0.3175 0.0838 -0.5774 -0.5774 0.5774
132.632 7.3968 -41.0952 0.4117 0.0838 -0.5774 0.5774 0.5774
132.632 7.3968 -53.0952 0.4117 0.1152 -0.5774 0.5774 -0.5774
132.632 7.3968 -53.0952 0.4117 0.1152 -0.5774 0.5774 -0.5774
132.632 -28.6032 -53.0952 0.3175 0.1152 -0.5774 -0.5774 -0.5774
132.632 -28.6032 -41.0952 0.3175 0.0838 -0.5774 -0.5774 0.5774
132.632 -28.6032 -53.0952 0.2961 0.4044 -0.5774 -0.5774 -0.5774
132.632 7.3968 -53.0952 0.2961 0.4986 -0.5774 0.5774 -0.5774
180.632 7.3968 -53.0952 0.1705 0.4986 0.5774 0.5774 -0.5774
180.632 7.3968 -53.0952 0.1705 0.4986 0.5774 0.5774 -0.5774
180.632 -28.6032 -53.0952 0.1705 0.4044 0.5774 -0.5774 -0.5774
132.632 -28.6032 -53.0952 0.2961 0.4044 -0.5774 -0.5774 -0.5774
180.632 -28.6032 -53.0952 0.4646 0.1366 0.5774 -0.5774 -0.5774
180.632 7.3968 -53.0952 0.5588 0.1366 0.5774 0.5774 -0.5774
180.632 7.3968 -41.0952 0.5588 0.168 0.5774 0.5774 0.5774
180.632 7.3968 -41.0952 0.5588 0.168 0.5774 0.5774 0.5774
180.632 -28.6032 -41.0952 0.4646 0.168 0.5774 -0.5774 0.5774
180.632 -28.6032 -53.0952 0.4646 0.1366 0.5774 -0.5774 -0.5774
180.632 -28.6032 -41.0952 0.01 0.1194 0.5774 -0.5774 0.5774
132.632 -28.6032 -41.0952 0.1356 0.1194 -0.5774 -0.5774 0.5774
132.632 -28.6032 -53.0952 0.1356 0.1508 -0.5774 -0.5774 -0.5774
132.632 -28.6032 -53.0952 0.1356 0.1508 -0.5774 -0.5774 -0.5774
180.632 -28.6032 -53.0952 0.01 0.1508 0.5774 -0.5774 -0.5774
180.632 -28.6032 -41.0952 0.01 0.1194 0.5774 -0.5774 0.5774
132.632 7.3968 -53.0952 0.2961 0.2736 -0.5774 0.5774 -0.5774
132.632 7.3968 -41.0952 0.2961 0.305 -0.5774 0.5774 0.5774
180.632 7.3968 -41.0952 0.1705 0.305 0.5774 0.5774 0.5774
180.632 7.3968 -41.0952 0.1705 0.305 0.5774 0.5774 0.5774
180.632 7.3968 -53.0952 0.1705 0.2736 0.5774 0.5774 -0.5774
132.632 7.3968 -53.0952 0.2961 0.2736 -0.5774 0.5774 -0.5774
180.632 -28.6032 -29.0952 0.923 0.877 0.5774 -0.5774 0.5774
180.632 14.5968 -29.0952 0.923 0.99 0.5774 0.5774 0.5774
132.632 14.5968 -29.0952 0.7974 0.99 -0.5774 0.5774 0.5774
132.632 14.5968 -29.0952 0.7974 0.99 -0.5774 0.5774 0.5774
132.632 -28.6032 -29.0952 0.7974 0.877 -0.5774 -0.5774 0.5774
180.632 -28.6032 -29.0952 0.923 0.877 0.5774 -0.5774 0.5774
132.632 -28.6032 -29.0952 0.4646 0.1967 -0.5774 -0.5774 0.5774
132.632 14.5968 -29.0952 0.5776 0.1967 -0.5774 0.5774 0.5774
132.632 14.5968 -41.0952 0.5776 0.2281 -0.5774 0.5774 -0.5774
132.632 14.5968 -41.0952 0.5776 0.2281 -0.5774 0.5774 -0.5774
132.632 -28.6032 -41.0952 0.4646 0.2281 -0.5774 -0.5774 -0.5774
132.632 -28.6032 -29.0952 0.4646 0.1967 -0.5774 -0.5774 0.5774
132.632 -28.6032 -41.0952 0.4396 0.5326 -0.5774 -0.5774 -0.5774
132.632 14.5968 -41.0952 0.4396 0.6457 -0.5774 0.5774 -0.5774
180.632 14.5968 -41.0952 0.314 0.6457 0.5774 0.5774 -0.5774
180.632 14.5968 -41.0952 0.314 0.6457 0.5774 0.5774 -0.5774
180.632 -28.6032 -41.0952 0.314 0.5326 0.5774 -0.5774 -0.5774
132.632 -28.6032 -41.0952 0.4396 0.5326 -0.5774 -0.5774 -0.5774
180.632 -28.6032 -41.0952 0.3175 0.1438 0.5774 -0.5774 -0.5774
180.632 14.5968 -41.0952 0.4306 0.1438 0.5774 0.5774 -0.5774
180.632 14.5968 -29.0952 0.4306 0.1752 0.5774 0.5774 0.5774
180.632 14.5968 -29.0952 0.4306 0.1752 0.5774 0.5774 0.5774
180.632 -28.6032 -29.0952 0.3175 0.1752 0.5774 -0.5774 0.5774
180.632 -28.6032 -41.0952 0.3175 0.1438 0.5774 -0.5774 -0.5774
180.632 -28.6032 -29.0952 0.7587 0.4672 0.5774 -0.5774 0.5774
132.632 -28.6032 -29.0952 0.8843 0.4672 -0.5774 -0.5774 0.5774
132.632 -28.6032 -41.0952 0.8843 0.4986 -0.5774 -0.5774 -0.5774
132.632 -28.6032 -41.0952 0.8843 0.4986 -0.5774 -0.5774 -0.5774
180.632 -28.6032 -41.0952 0.7587 0.4986 0.5774 -0.5774 -0.5774
180.632 -28.6032 -29.0952 0.7587 0.4672 0.5774 -0.5774 0.5774
132.632 14.5968 -41.0952 0.1356 0.0665 -0.5774 0.5774 -0.5774
132.632 14.5968 -29.0952 0.1356 0.0979 -0.5774 0.5774 0.5774
180.632 14.5968 -29.0952 0.01 0.0979 0.5774 0.5774 0.5774
180.632 14.5968 -29.0952 0.01 0.0979 0.5774 0.5774 0.5774
180.632 14.5968 -41.0952 0.01 0.0665 0.5774 0.5774 -0.5774
132.632 14.5968 -41.0952 0.1356 0.0665 -0.5774 0.5774 -0.5774
180.632 -28.6032 -17.0952 0.4934 0.6922 0.5774 -0.5774 0.5774
180.632 21.7968 -17.0952 0.6252 0.6922 0.5774 0.5774 0.5774
132.632 21.7968 -17.0952 0.6252 0.8178 -0.5774 0.5774 0.5774
132.632 21.7968 -17.0952 0.6252 0.8178 -0.5774 0.5774 0.5774
132.632 -28.6032 -17.0952 0.4934 0.8178 -0.5774 -0.5774 0.5774
180.632 -28.6032 -17.0952 0.4934 0.6922 0.5774 -0.5774 0.5774
132.632 -28.6032 -17.0952 0.6082 0.6143 -0.5774 -0.5774 0.5774
132.632 21.7968 -17.0952 0.74 0.6143 -0.5774 0.5774 0.5774
132.632 21.7968 -29.0952 0.74 0.6457 -0.5774 0.5774 -0.5774
132.632 21.7968 -29.0952 0.74 0.6457 -0.5774 0.5774 -0.5774
132.632 -28.6032 -29.0952 0.6082 0.6457 -0.5774 -0.5774 -0.5774
132.632 -28.6032 -17.0952 0.6082 0.6143 -0.5774 -0.5774 0.5774
132.632 -28.6032 -29.0952 0.01 0.373 -0.5774 -0.5774 -0.5774
132.632 21.7968 -29.0952 0.1419 0.373 -0.5774 0.5774 -0.5774
180.632 21.7968 -29.0952 0.1419 0.4986 0.5774 0.5774 -0.5774
180.632 21.7968 -29.0952 0.1419 0.4986 0.5774 0.5774 -0.5774
180.632 -28.6032 -29.0952 0.01 0.4986 0.5774 -0.5774 -0.5774
132.632 -28.6032 -29.0952 0.01 0.373 -0.5774 -0.5774 -0.5774
180.632 -28.6032 -29.0952 0.8009 0.7864 0.5774 -0.5774 -0.5774
180.632 21.7968 -29.0952 0.9328 0.7864 0.5774 0.5774 -0.5774
180.632 21.7968 -17.0952 0.9328 0.8178 0.5774 0.5774 0.5774
180.632 21.7968 -17.0952 0.9328 0.8178 0.5774 0.5774 0.5774
180.632 -28.6032 -17.0952 0.8009 0.8178 0.5774 -0.5774 0.5774
180.632 -28.6032 -29.0952 0.8009 0.7864 0.5774 -0.5774 -0.5774
180.632 -28.6032 -17.0952 0.8009 0.6736 0.5774 -0.5774 0.5774
132.632 -28.6032 -17.0952 0.9265 0.6736 -0.5774 -0.5774 0.5774
132.632 -28.6032 -29.0952 0.9265 0.705 -0.5774 -0.5774 -0.5774
132.632 -28.6032 -29.0952 0.9265 0.705 -0.5774 -0.5774 -0.5774
180.632 -28.6032 -29.0952 0.8009 0.705 0.5774 -0.5774 -0.5774
180.632 -28.6032 -17.0952 0.8009 0.6736 0.5774 -0.5774 0.5774
132.632 21.7968 -29.0952 0.8942 0.5614 -0.5774 0.5774 -0.5774
132.632 21.7968 -17.0952 0.8942 0.5928 -0.5774 0.5774 0.5774
180.632 21.7968 -17.0952 0.7686 0.5928 0.5774 0.5774 0.5774
180.632 21.7968 -17.0952 0.7686 0.5928 0.5774 0.5774 0.5774
180.632 21.7968 -29.0952 0.7686 0.5614 0.5774 0.5774 -0.5774
132.632 21.7968 -29.0952 0.8942 0.5614 -0.5774 0.5774 -0.5774
240.632 -28.6032 30.9048 0.2926 0.8393 0.5774 -0.5774 0.5774
240.632 28.9968 30.9048 0.2926 0.99 0.5774 0.5774 0.5774
132.632 28.9968 30.9048 0.01 0.99 -0.5774 0.5774 0.5774
132.632 28.9968 30.9048 0.01 0.99 -0.5774 0.5774 0.5774
132.632 -28.6032 30.9048 0.01 0.8393 -0.5774 -0.5774 0.5774
240.632 -28.6032 30.9048 0.2926 0.8393 0.5774 -0.5774 0.5774
132.632 -28.6032 30.9048 0.6181 0.8644 -0.5774 -0.5774 0.5774
132.632 28.9968 30.9048 0.7688 0.8644 -0.5774 0.5774 0.5774
132.632 28.9968 -17.0952 0.7688 0.99 -0.5774 0.5774 -0.5774
132.632 28.9968 -17.0952 0.7688 0.99 -0.5774 0.5774 -0.5774
132.632 -28.6032 -17.0952 0.6181 0.99 -0.5774 -0.5774 -0.5774
132.632 -28.6032 30.9048 0.6181 0.8644 -0.5774 -0.5774 0.5774
132.632 -28.6032 -17.0952 0.2926 0.6671 -0.5774 -0.5774 -0.5774
132.632 28.9968 -17.0952 0.2926 0.8178 -0.5774 0.5774 -0.5774
240.632 28.9968 -17.0952 0.01 0.8178 0.5774 0.5774 -0.5774
240.632 28.9968 -17.0952 0.01 0.8178 0.5774 0.5774 -0.5774
240.632 -28.6032 -17.0952 0.01 0.6671 0.5774 -0.5774 -0.5774
132.632 -28.6032 -17.0952 0.2926 0.6671 -0.5774 -0.5774 -0.5774
240.632 -28.6032 -17.0952 0.314 0.6922 0.5774 -0.5774 -0.5774
240.632 28.9968 -17.0952 0.4648 0.6922 0.5774 0.5774 -0.5774
240.632 28.9968 30.9048 0.4648 0.8178 0.5774 0.5774 0.5774
240.632 28.9968 30.9048 0.4648 0.8178 0.5774 0.5774 0.5774
240.632 -28.6032 30.9048 0.314 0.8178 0.5774 -0.5774 0.5774
240.632 -28.6032 -17.0952 0.314 0.6922 0.5774 -0.5774 -0.5774
240.632 -28.6032 30.9048 0.01 0.5201 0.5774 -0.5774 0.5774
132.632 -28.6032 30.9048 0.2926 0.5201 -0.5774 -0.5774 0.5774
132.632 -28.6032 -17.0952 0.2926 0.6457 -0.5774 -0.5774 -0.5774
132.632 -28.6032 -17.0952 0.2926 0.6457 -0.5774 -0.5774 -0.5774
240.632 -28.6032 -17.0952 0.01 0.6457 0.5774 -0.5774 -0.5774
240.632 -28.6032 30.9048 0.01 0.5201 0.5774 -0.5774 0.5774
132.632 28.9968 -17.0952 0.5966 0.8644 -0.5774 0.5774 -0.5774
132.632 28.9968 30.9048 0.5966 0.99 -0.5774 0.5774 0.5774
240.632 28.9968 30.9048 0.314 0.99 0.5774 0.5774 0.5774
240.632 28.9968 30.9048 0.314 0.99 0.5774 0.5774 0.5774
240.632 28.9968 -17.0952 0.314 0.8644 0.5774 0.5774 -0.5774
132.632 28.9968 -17.0952 0.5966 0.8644 -0.5774 0.5774 -0.5774
240.632 64.9968 -77.0952 0.8843 0.2621 0.5774 -0.5774 0.5774
240.632 72.1968 -77.0952 0.8843 0.2809 0.5774 0.5774 0.5774
192.632 72.1968 -77.0952 0.7587 0.2809 -0.5774 0.5774 0.5774
192.632 72.1968 -77.0952 0.7587 0.2809 -0.5774 0.5774 0.5774
192.632 64.9968 -77.0952 0.7587 0.2621 -0.5774 -0.5774 0.5774
240.632 64.9968 -77.0952 0.8843 0.2621 0.5774 -0.5774 0.5774
192.632 64.9968 -77.0952 0.6188 0.0283 -0.5774 -0.5774 0.5774
192.632 72.1968 -77.0952 0.6188 0.0472 -0.5774 0.5774 0.5774
192.632 72.1968 -89.0952 0.5874 0.0472 -0.5774 0.5774 -0.5774
192.632 72.1968 -89.0952 0.5874 0.0472 -0.5774 0.5774 -0.5774
192.632 64.9968 -89.0952 0.5874 0.0283 -0.5774 -0.5774 -0.5774
192.632 64.9968 -77.0952 0.6188 0.0283 -0.5774 -0.5774 0.5774
192.632 64.9968 -89.0952 0.86 0.1492 -0.5774 -0.5774 -0.5774
192.632 72.1968 -89.0952 0.86 0.168 -0.5774 0.5774 -0.5774
240.632 72.1968 -89.0952 0.7344 0.168 0.5774 0.5774 -0.5774
240.632 72.1968 -89.0952 0.7344 0.168 0.5774 0.5774 -0.5774
240.632 64.9968 -89.0952 0.7344 0.1492 0.5774 -0.5774 -0.5774
192.632 64.9968 -89.0952 0.86 0.1492 -0.5774 -0.5774 -0.5774
240.632 64.9968 -89.0952 0.9129 0.1089 0.5774 -0.5774 -0.5774
240.632 72.1968 -89.0952 0.9129 0.1277 0.5774 0.5774 -0.5774
240.632 72.1968 -77.0952 0.8815 0.1277 0.5774 0.5774 0.5774
240.632 72.1968 -77.0952 0.8815 0.1277 0.5774 0.5774 0.5774
240.632 64.9968 -77.0952 0.8815 0.1089 0.5774 -0.5774 0.5774
240.632 64.9968 -89.0952 0.9129 0.1089 0.5774 -0.5774 -0.5774
240.632 64.9968 -77.0952 0.3175 0.2495 0.5774 -0.5774 0.5774
192.632 64.9968 -77.0952 0.4431 0.2495 -0.5774 -0.5774 0.5774
192.632 64.9968 -89.0952 0.4431 0.2809 -0.5774 -0.5774 -0.5774
192.632 64.9968 -89.0952 0.4431 0.2809 -0.5774 -0.5774 -0.5774
240.632 64.9968 -89.0952 0.3175 0.2809 0.5774 -0.5774 -0.5774
240.632 64.9968 -77.0952 0.3175 0.2495 0.5774 -0.5774 0.5774
192.632 72.1968 -89.0952 0.2961 0.115 -0.5774 0.5774 -0.5774
192.632 72.1968 -77.0952 0.2961 0.1464 -0.5774 0.5774 0.5774
240.632 72.1968 -77.0952 0.1705 0.1464 0.5774 0.5774 0.5774
240.632 72.1968 -77.0952 0.1705 0.1464 0.5774 0.5774 0.5774
240.632 72.1968 -89.0952 0.1705 0.115 0.5774 0.5774 -0.5774
192.632 72.1968 -89.0952 0.2961 0.115 -0.5774 0.5774 -0.5774
240.632 57.7968 -65.0952 0.86 0.1089 0.5774 -0.5774 0.5774
240.632 64.9967 -65.0952 0.86 0.1277 0.5774 0.5774 0.5774
192.632 64.9967 -65.0952 0.7344 0.1277 -0.5774 0.5774 0.5774
192.632 64.9967 -65.0952 0.7344 0.1277 -0.5774 0.5774 0.5774
192.632 57.7968 -65.0952 0.7344 0.1089 -0.5774 -0.5774 0.5774
240.632 57.7968 -65.0952 0.86 0.1089 0.5774 -0.5774 0.5774
192.632 57.7968 -65.0952 0.9173 0.0686 -0.5774 -0.5774 0.5774
192.632 64.9967 -65.0952 0.9173 0.0875 -0.5774 0.5774 0.5774
192.632 64.9967 -77.0952 0.8859 0.0875 -0.5774 0.5774 -0.5774
192.632 64.9967 -77.0952 0.8859 0.0875 -0.5774 0.5774 -0.5774
192.632 57.7968 -77.0952 0.8859 0.0686 -0.5774 -0.5774 -0.5774
192.632 57.7968 -65.0952 0.9173 0.0686 -0.5774 -0.5774 0.5774
192.632 57.7968 -77.0952 0.713 0.0686 -0.5774 -0.5774 -0.5774
192.632 64.9967 -77.0952 0.713 0.0875 -0.5774 0.5774 -0.5774
240.632 64.9967 -77.0952 0.5874 0.0875 0.5774 0.5774 -0.5774
240.632 64.9967 -77.0952 0.5874 0.0875 0.5774 0.5774 -0.5774
240.632 57.7968 -77.0952 0.5874 0.0686 0.5774 -0.5774 -0.5774
192.632 57.7968 -77.0952 0.713 0.0686 -0.5774 -0.5774 -0.5774
240.632 57.7968 -77.0952 0.99 0.4798 0.5774 -0.5774 -0.5774
240.632 64.9967 -77.0952 0.99 0.4986 0.5774 0.5774 -0.5774
240.632 64.9967 -65.0952 0.9586 0.4986 0.5774 0.5774 0.5774
240.632 64.9967 -65.0952 0.9586 0.4986 0.5774 0.5774 0.5774
240.632 57.7968 -65.0952 0.9586 0.4798 0.5774 -0.5774 0.5774
240.632 57.7968 -77.0952 0.99 0.4798 0.5774 -0.5774 -0.5774
240.632 57.7968 -65.0952 0.1705 0.1679 0.5774 -0.5774 0.5774
192.632 57.7968 -65.0952 0.2961 0.1679 -0.5774 -0.5774 0.5774
192.632 57.7968 -77.0952 0.2961 0.1993 -0.5774 -0.5774 -0.5774
192.632 57.7968 -77.0952 0.2961 0.1993 -0.5774 -0.5774 -0.5774
240.632 57.7968 -77.0952 0.1705 0.1993 0.5774 -0.5774 -0.5774
240.632 57.7968 -65.0952 0.1705 0.1679 0.5774 -0.5774 0.5774
192.632 64.9967 -77.0952 0.1356 0.0137 -0.5774 0.5774 -0.5774
192.632 64.9967 -65.0952 0.1356 0.0451 -0.5774 0.5774 0.5774
240.632 64.9967 -65.0952 0.01 0.0451 0.5774 0.5774 0.5774
240.632 64.9967 -65.0952 0.01 0.0451 0.5774 0.5774 0.5774
240.632 64.9967 -77.0952 0.01 0.0137 0.5774 0.5774 -0.5774
192.632 64.9967 -77.0952 0.1356 0.0137 -0.5774 0.5774 -0.5774
240.632 50.5967 -53.0952 0.4431 0.0363 0.5774 -0.5774 0.5774
240.632 57.7967 -53.0952 0.4431 0.0552 0.5774 0.5774 0.5774
192.632 57.7967 -53.0952 0.3175 0.0552 -0.5774 0.5774 0.5774
192.632 57.7967 -53.0952 0.3175 0.0552 -0.5774 0.5774 0.5774
192.632 50.5967 -53.0952 0.3175 0.0363 -0.5774 -0.5774 0.5774
240.632 50.5967 -53.0952 0.4431 0.0363 0.5774 -0.5774 0.5774
192.632 50.5967 -53.0952 0.9371 0.3149 -0.5774 -0.5774 0.5774
192.632 57.7967 -53.0952 0.9371 0.3338 -0.5774 0.5774 0.5774
192.632 57.7967 -65.0952 0.9057 0.3338 -0.5774 0.5774 -0.5774
192.632 57.7967 -65.0952 0.9057 0.3338 -0.5774 0.5774 -0.5774
192.632 50.5967 -65.0952 0.9057 0.3149 -0.5774 -0.5774 -0.5774
192.632 50.5967 -53.0952 0.9371 0.3149 -0.5774 -0.5774 0.5774
192.632 50.5967 -65.0952 0.7318 0.2092 -0.5774 -0.5774 -0.5774
192.632 57.7967 -65.0952 0.7318 0.2281 -0.5774 0.5774 -0.5774
240.632 57.7967 -65.0952 0.6062 0.2281 0.5774 0.5774 -0.5774
240.632 57.7967 -65.0952 0.6062 0.2281 0.5774 0.5774 -0.5774
240.632 50.5967 -65.0952 0.6062 0.2092 0.5774 -0.5774 -0.5774
192.632 50.5967 -65.0952 0.7318 0.2092 -0.5774 -0.5774 -0.5774
240.632 50.5967 -65.0952 0.9371 0.3678 0.5774 -0.5774 -0.5774
240.632 57.7967 -65.0952 0.9371 0.3866 0.5774 0.5774 -0.5774
240.632 57.7967 -53.0952 0.9057 0.3866 0.5774 0.5774 0.5774
240.632 57.7967 -53.0952 0.9057 0.3866 0.5774 0.5774 0.5774
240.632 50.5967 -53.0952 0.9057 0.3678 0.5774 -0.5774 0.5774
240.632 50.5967 -65.0952 0.9371 0.3678 0.5774 -0.5774 -0.5774
240.632 50.5967 -53.0952 0.3175 0.3552 0.5774 -0.5774 0.5774
192.632 50.5967 -53.0952 0.4431 0.3552 -0.5774 -0.5774 0.5774
192.632 50.5967 -65.0952 0.4431 0.3866 -0.5774 -0.5774 -0.5774
192.632 50.5967 -65.0952 0.4431 0.3866 -0.5774 -0.5774 -0.5774
240.632 50.5967 -65.0952 0.3175 0.3866 0.5774 -0.5774 -0.5774
240.632 50.5967 -53.0952 0.3175 0.3552 0.5774 -0.5774 0.5774
192.632 57.7967 -65.0952 0.2961 0.2207 -0.5774 0.5774 -0.5774
192.632 57.7967 -53.0952 0.2961 0.2521 -0.5774 0.5774 0.5774
240.632 57.7967 -53.0952 0.1705 0.2521 0.5774 0.5774 0.5774
240.632 57.7967 -53.0952 0.1705 0.2521 0.5774 0.5774 0.5774
240.632 57.7967 -65.0952 0.1705 0.2207 0.5774 0.5774 -0.5774
192.632 57.7967 -65.0952 0.2961 0.2207 -0.5774 0.5774 -0.5774
240.632 43.3968 -41.0952 0.8843 0.3149 0.5774 -0.5774 0.5774
240.632 50.5968 -41.0952 0.8843 0.3338 0.5774 0.5774 0.5774
192.632 50.5968 -41.0952 0.7587 0.3338 -0.5774 0.5774 0.5774
192.632 50.5968 -41.0952 0.7587 0.3338 -0.5774 0.5774 0.5774
192.632 43.3968 -41.0952 0.7587 0.3149 -0.5774 -0.5774 0.5774
240.632 43.3968 -41.0952 0.8843 0.3149 0.5774 -0.5774 0.5774
192.632 43.3968 -41.0952 0.9471 0.6268 -0.5774 -0.5774 0.5774
192.632 50.5968 -41.0952 0.9471 0.6457 -0.5774 0.5774 0.5774
192.632 50.5968 -53.0952 0.9157 0.6457 -0.5774 0.5774 -0.5774
192.632 50.5968 -53.0952 0.9157 0.6457 -0.5774 0.5774 -0.5774
192.632 43.3968 -53.0952 0.9157 0.6268 -0.5774 -0.5774 -0.5774
192.632 43.3968 -41.0952 0.9471 0.6268 -0.5774 -0.5774 0.5774
192.632 43.3968 -53.0952 0.7372 0.2621 -0.5774 -0.5774 -0.5774
192.632 50.5968 -53.0952 0.7372 0.2809 -0.5774 0.5774 -0.5774
240.632 50.5968 -53.0952 0.6116 0.2809 0.5774 0.5774 -0.5774
240.632 50.5968 -53.0952 0.6116 0.2809 0.5774 0.5774 -0.5774
240.632 43.3968 -53.0952 0.6116 0.2621 0.5774 -0.5774 -0.5774
192.632 43.3968 -53.0952 0.7372 0.2621 -0.5774 -0.5774 -0.5774
240.632 43.3968 -53.0952 0.9371 0.4798 0.5774 -0.5774 -0.5774
240.632 50.5968 -53.0952 0.9371 0.4986 0.5774 0.5774 -0.5774
240.632 50.5968 -41.0952 0.9057 0.4986 0.5774 0.5774 0.5774
240.632 50.5968 -41.0952 0.9057 0.4986 0.5774 0.5774 0.5774
240.632 43.3968 -41.0952 0.9057 0.4798 0.5774 -0.5774 0.5774
240.632 43.3968 -53.0952 0.9371 0.4798 0.5774 -0.5774 -0.5774
240.632 43.3968 -41.0952 0.4646 0.4672 0.5774 -0.5774 0.5774
192.632 43.3968 -41.0952 0.5902 0.4672 -0.5774 -0.5774 0.5774
192.632 43.3968 -53.0952 0.5902 0.4986 -0.5774 -0.5774 -0.5774
192.632 43.3968 -53.0952 0.5902 0.4986 -0.5774 -0.5774 -0.5774
240.632 43.3968 -53.0952 0.4646 0.4986 0.5774 -0.5774 -0.5774
240.632 43.3968 -41.0952 0.4646 0.4672 0.5774 -0.5774 0.5774
192.632 50.5968 -53.0952 0.4431 0.4081 -0.5774 0.5774 -0.5774
192.632 50.5968 -41.0952 0.4431 0.4395 -0.5774 0.5774 0.5774
240.632 50.5968 -41.0952 0.3175 0.4395 0.5774 0.5774 0.5774
240.632 50.5968 -41.0952 0.3175 0.4395 0.5774 0.5774 0.5774
240.632 50.5968 -53.0952 0.3175 0.4081 0.5774 0.5774 -0.5774
192.632 50.5968 -53.0952 0.4431 0.4081 -0.5774 0.5774 -0.5774
240.632 36.1968 -29.0952 0.8843 0.3678 0.5774 -0.5774 0.5774
240.632 43.3968 -29.0952 0.8843 0.3866 0.5774 0.5774 0.5774
192.632 43.3968 -29.0952 0.7587 0.3866 -0.5774 0.5774 0.5774
192.632 43.3968 -29.0952 0.7587 0.3866 -0.5774 0.5774 0.5774
192.632 36.1968 -29.0952 0.7587 0.3678 -0.5774 -0.5774 0.5774
240.632 36.1968 -29.0952 0.8843 0.3678 0.5774 -0.5774 0.5774
192.632 36.1968 -29.0952 0.9471 0.574 -0.5774 -0.5774 0.5774
192.632 43.3968 -29.0952 0.9471 0.5928 -0.5774 0.5774 0.5774
192.632 43.3968 -41.0952 0.9157 0.5928 -0.5774 0.5774 -0.5774
192.632 43.3968 -41.0952 0.9157 0.5928 -0.5774 0.5774 -0.5774
192.632 36.1968 -41.0952 0.9157 0.574 -0.5774 -0.5774 -0.5774
192.632 36.1968 -29.0952 0.9471 0.574 -0.5774 -0.5774 0.5774
192.632 36.1968 -41.0952 0.5867 0.53 -0.5774 -0.5774 -0.5774
192.632 43.3968 -41.0952 0.5867 0.5488 -0.5774 0.5774 -0.5774
240.632 43.3968 -41.0952 0.4611 0.5488 0.5774 0.5774 -0.5774
240.632 43.3968 -41.0952 0.4611 0.5488 0.5774 0.5774 -0.5774
240.632 36.1968 -41.0952 0.4611 0.53 0.5774 -0.5774 -0.5774
192.632 36.1968 -41.0952 0.5867 0.53 -0.5774 -0.5774 -0.5774
240.632 36.1968 -41.0952 0.9794 0.739 0.5774 -0.5774 -0.5774
240.632 43.3968 -41.0952 0.9794 0.7578 0.5774 0.5774 -0.5774
240.632 43.3968 -29.0952 0.948 0.7578 0.5774 0.5774 0.5774
240.632 43.3968 -29.0952 0.948 0.7578 0.5774 0.5774 0.5774
240.632 36.1968 -29.0952 0.948 0.739 0.5774 -0.5774 0.5774
240.632 36.1968 -41.0952 0.9794 0.739 0.5774 -0.5774 -0.5774
240.632 36.1968 -29.0952 0.7686 0.6143 0.5774 -0.5774 0.5774
192.632 36.1968 -29.0952 0.8942 0.6143 -0.5774 -0.5774 0.5774
192.632 36.1968 -41.0952 0.8942 0.6457 -0.5774 -0.5774 -0.5774
192.632 36.1968 -41.0952 0.8942 0.6457 -0.5774 -0.5774 -0.5774
240.632 36.1968 -41.0952 0.7686 0.6457 0.5774 -0.5774 -0.5774
240.632 36.1968 -29.0952 0.7686 0.6143 0.5774 -0.5774 0.5774
192.632 43.3968 -41.0952 0.4431 0.3024 -0.5774 0.5774 -0.5774
192.632 43.3968 -29.0952 0.4431 0.3338 -0.5774 0.5774 0.5774
240.632 43.3968 -29.0952 0.3175 0.3338 0.5774 0.5774 0.5774
240.632 43.3968 -29.0952 0.3175 0.3338 0.5774 0.5774 0.5774
240.632 43.3968 -41.0952 0.3175 0.3024 0.5774 0.5774 -0.5774
192.632 43.3968 -41.0952 0.4431 0.3024 -0.5774 0.5774 -0.5774
240.632 72.1967 -89.0952 0.8789 0.2092 0.5774 -0.5774 0.5774
240.632 79.3967 -89.0952 0.8789 0.2281 0.5774 0.5774 0.5774
192.632 79.3967 -89.0952 0.7533 0.2281 -0.5774 0.5774 0.5774
192.632 79.3967 -89.0952 0.7533 0.2281 -0.5774 0.5774 0.5774
192.632 72.1967 -89.0952 0.7533 0.2092 -0.5774 -0.5774 0.5774
240.632 72.1967 -89.0952 0.8789 0.2092 0.5774 -0.5774 0.5774
192.632 72.1967 -89.0952 0.9129 0.1492 -0.5774 -0.5774 0.5774
192.632 79.3967 -89.0952 0.9129 0.168 -0.5774 0.5774 0.5774
192.632 79.3967 -101.095 0.8815 0.168 -0.5774 0.5774 -0.5774
192.632 79.3967 -101.095 0.8815 0.168 -0.5774 0.5774 -0.5774
192.632 72.1967 -101.095 0.8815 0.1492 -0.5774 -0.5774 -0.5774
192.632 72.1967 -89.0952 0.9129 0.1492 -0.5774 -0.5774 0.5774
192.632 72.1967 -101.095 0.713 0.1089 -0.5774 -0.5774 -0.5774
192.632 79.3967 -101.095 0.713 0.1277 -0.5774 0.5774 -0.5774
240.632 79.3967 -101.095 0.5874 0.1277 0.5774 0.5774 -0.5774
240.632 79.3967 -101.095 0.5874 0.1277 0.5774 0.5774 -0.5774
240.632 72.1967 -101.095 0.5874 0.1089 0.5774 -0.5774 -0.5774
192.632 72.1967 -101.095 0.713 0.1089 -0.5774 -0.5774 -0.5774
240.632 72.1967 -101.095 0.9759 0.9112 0.5774 -0.5774 -0.5774
240.632 79.3967 -101.095 0.9759 0.93 0.5774 0.5774 -0.5774
240.632 79.3967 -89.0952 0.9445 0.93 0.5774 0.5774 0.5774
240.632 79.3967 -89.0952 0.9445 0.93 0.5774 0.5774 0.5774
240.632 72.1967 -89.0952 0.9445 0.9112 0.5774 -0.5774 0.5774
240.632 72.1967 -101.095 0.9759 0.9112 0.5774 -0.5774 -0.5774
240.632 72.1967 -89.0952 0.8009 0.7264 0.5774 -0.5774 0.5774
192.632 72.1967 -89.0952 0.9265 0.7264 -0.5774 -0.5774 0.5774
192.632 72.1967 -101.095 0.9265 0.7578 -0.5774 -0.5774 -0.5774
192.632 72.1967 -101.095 0.9265 0.7578 -0.5774 -0.5774 -0.5774
240.632 72.1967 -101.095 0.8009 0.7578 0.5774 -0.5774 -0.5774
240.632 72.1967 -89.0952 0.8009 0.7264 0.5774 -0.5774 0.5774
192.632 79.3967 -101.095 0.7338 0.5543 -0.5774 0.5774 -0.5774
192.632 79.3967 -89.0952 0.7338 0.5856 -0.5774 0.5774 0.5774
240.632 79.3967 -89.0952 0.6082 0.5856 0.5774 0.5774 0.5774
240.632 79.3967 -89.0952 0.6082 0.5856 0.5774 0.5774 0.5774
240.632 79.3967 -101.095 0.6082 0.5543 0.5774 0.5774 -0.5774
192.632 79.3967 -101.095 0.7338 0.5543 -0.5774 0.5774 -0.5774
240.632 28.9968 -17.0952 0.713 0.1492 0.5774 -0.5774 0.5774
240.632 36.1968 -17.0952 0.713 0.168 0.5774 0.5774 0.5774
192.632 36.1968 -17.0952 0.5874 0.168 -0.5774 0.5774 0.5774
192.632 36.1968 -17.0952 0.5874 0.168 -0.5774 0.5774 0.5774
192.632 28.9968 -17.0952 0.5874 0.1492 -0.5774 -0.5774 0.5774
240.632 28.9968 -17.0952 0.713 0.1492 0.5774 -0.5774 0.5774
192.632 28.9968 -17.0952 0.9371 0.4206 -0.5774 -0.5774 0.5774
192.632 36.1968 -17.0952 0.9371 0.4395 -0.5774 0.5774 0.5774
192.632 36.1968 -29.0952 0.9057 0.4395 -0.5774 0.5774 -0.5774
192.632 36.1968 -29.0952 0.9057 0.4395 -0.5774 0.5774 -0.5774
192.632 28.9968 -29.0952 0.9057 0.4206 -0.5774 -0.5774 -0.5774
192.632 28.9968 -17.0952 0.9371 0.4206 -0.5774 -0.5774 0.5774
192.632 28.9968 -29.0952 0.8942 0.5211 -0.5774 -0.5774 -0.5774
192.632 36.1968 -29.0952 0.8942 0.5399 -0.5774 0.5774 -0.5774
240.632 36.1968 -29.0952 0.7686 0.5399 0.5774 0.5774 -0.5774
240.632 36.1968 -29.0952 0.7686 0.5399 0.5774 0.5774 -0.5774
240.632 28.9968 -29.0952 0.7686 0.5211 0.5774 -0.5774 -0.5774
192.632 28.9968 -29.0952 0.8942 0.5211 -0.5774 -0.5774 -0.5774
240.632 28.9968 -29.0952 0.9371 0.2621 0.5774 -0.5774 -0.5774
240.632 36.1968 -29.0952 0.9371 0.2809 0.5774 0.5774 -0.5774
240.632 36.1968 -17.0952 0.9057 0.2809 0.5774 0.5774 0.5774
240.632 36.1968 -17.0952 0.9057 0.2809 0.5774 0.5774 0.5774
240.632 28.9968 -17.0952 0.9057 0.2621 0.5774 -0.5774 0.5774
240.632 28.9968 -29.0952 0.9371 0.2621 0.5774 -0.5774 -0.5774
240.632 28.9968 -17.0952 0.4646 0.3024 0.5774 -0.5774 0.5774
192.632 28.9968 -17.0952 0.5902 0.3024 -0.5774 -0.5774 0.5774
192.632 28.9968 -29.0952 0.5902 0.3338 -0.5774 -0.5774 -0.5774
192.632 28.9968 -29.0952 0.5902 0.3338 -0.5774 -0.5774 -0.5774
240.632 28.9968 -29.0952 0.4646 0.3338 0.5774 -0.5774 -0.5774
240.632 28.9968 -17.0952 0.4646 0.3024 0.5774 -0.5774 0.5774
192.632 36.1968 -29.0952 0.5902 0.2495 -0.5774 0.5774 -0.5774
192.632 36.1968 -17.0952 0.5902 0.2809 -0.5774 0.5774 0.5774
240.632 36.1968 -17.0952 0.4646 0.2809 0.5774 0.5774 0.5774
240.632 36.1968 -17.0952 0.4646 0.2809 0.5774 0.5774 0.5774
240.632 36.1968 -29.0952 0.4646 0.2495 0.5774 0.5774 -0.5774
192.632 36.1968 -29.0952 0.5902 0.2495 -0.5774 0.5774 -0.5774
