Vertex Count: 36

Data:

249.632 -31.0033 219.775 0.0005 0.9995 0.5774 -0.5774 0.5773
249.632 -28.6033 219.775 0.0005 0.000500023 0.5774 0.5774 0.5774
-181.022 -28.6033 219.775 0.9995 0.000500023 -0.5774 0.5774 0.5773
-181.022 -28.6033 219.775 0.9995 0.000500023 -0.5774 0.5774 0.5773
-181.022 -31.0033 219.775 0.9995 0.9995 -0.5774 -0.5774 0.5774
249.632 -31.0033 219.775 0.0005 0.9995 0.5774 -0.5774 0.5773
-181.022 -31.0033 219.775 0.0005 0.9995 -0.5774 -0.5774 0.5774
-181.022 -28.6033 219.775 0.0005 0.000500023 -0.5774 0.5774 0.5773
-181.022 -28.6033 -251.095 0.9995 0.000500023 -0.5774 0.5774 -0.5774
-181.022 -28.6033 -251.095 0.9995 0.000500023 -0.5774 0.5774 -0.5774
-181.022 -31.0033 -251.095 0.9995 0.9995 -0.5774 -0.5774 -0.5773
-181.022 -31.0033 219.775 0.0005 0.9995 -0.5774 -0.5774 0.5774
-181.022 -31.0033 -251.095 0.0005 0.9995 -0.5774 -0.5774 -0.5773
-181.022 -28.6033 -251.095 0.0005 0.000500023 -0.5774 0.5774 -0.5774
249.632 -28.6033 -251.095 0.9995 0.000500023 0.5774 0.5774 -0.5773
249.632 -28.6033 -251.095 0.9995 0.000500023 0.5774 0.5774 -0.5773
249.632 -31.0033 -251.095 0.9995 0.9995 0.5774 -0.5774 -0.5774
-181.022 -31.0033 -251.095 0.0005 0.9995 -0.5774 -0.5774 -0.5773
249.632 -31.0033 -251.095 0.0005 0.9995 0.5774 -0.5774 -0.5774
249.632 -28.6033 -251.095 0.0005 0.000500023 0.5774 0.5774 -0.5773
249.632 -28.6033 219.775 0.9995 0.000500023 0.5774 0.5774 0.5774
249.632 -28.6033 219.775 0.9995 0.000500023 0.5774 0.5774 0.5774
249.632 -31.0033 219.775 0.9995 0.9995 0.5774 -0.5774 0.5773
249.632 -31.0033 -251.095 0.0005 0.9995 0.5774 -0.5774 -0.5774
249.632 -31.0033 219.775 0.0005 0.000500023 0.5774 -0.5774 0.5773
-181.022 -31.0033 219.775 0.9995 0.000500023 -0.5774 -0.5774 0.5774
-181.022 -31.0033 -251.095 0.9995 0.9995 -0.5774 -0.5774 -0.5773
-181.022 -31.0033 -251.095 0.9995 0.9995 -0.5774 -0.5774 -0.5773
249.632 -31.0033 -251.095 0.0005 0.9995 0.5774 -0.5774 -0.5774
249.632 -31.0033 219.775 0.0005 0.000500023 0.5774 -0.5774 0.5773
-181.022 -28.6033 -251.095 0.0005 0.9995 -0.5774 0.5774 -0.5774
-181.022 -28.6033 219.775 0.0005 0.000500023 -0.5774 0.5774 0.5773
249.632 -28.6033 219.775 0.9995 0.000500023 0.5774 0.5774 0.5774
249.632 -28.6033 219.775 0.9995 0.000500023 0.5774 0.5774 0.5774
249.632 -28.6033 -251.095 0.9995 0.9995 0.5774 0.5774 -0.5773
-181.022 -28.6033 -251.095 0.0005 0.9995 -0.5774 0.5774 -0.5774
