Vertex Count: 48

Data:

-120.758 53.1006 35.57 0.0211 0.000500023 1 0 0
-120.758 11.6676 -35.0468 0.9789 0.9995 1 0 0
-120.758 53.1006 -35.0468 0.9789 0.000500023 1 0 0
-120.758 53.1006 35.57 0.0211 0.000500023 1 0 0
-120.758 11.6676 -3.5308 0.5514 0.9995 1 0 0
-120.758 11.6676 -4.1628 0.56 0.9995 1 0 0
-120.758 53.1006 35.57 0.0211 0.000500023 1 0 0
-120.758 11.6676 3.4219 0.4571 0.9995 1 0 0
-120.758 11.6676 2.7898 0.4657 0.9995 1 -0 0
-120.758 53.1006 35.57 0.0211 0.000500023 1 0 0
-120.758 11.6676 -1.0025 0.5171 0.9995 1 0 0
-120.758 11.6676 -1.6346 0.5257 0.9995 1 -0 0
-120.758 53.1006 35.57 0.0211 0.000500023 1 0 0
-120.758 11.6676 2.1578 0.4743 0.9995 1 0 -0
-120.758 11.6676 1.5257 0.4829 0.9995 1 0 -0
-120.758 53.1006 35.57 0.0211 0.000500023 1 0 0
-120.758 11.6676 -1.6346 0.5257 0.9995 1 -0 0
-120.758 11.6676 -2.2666 0.5343 0.9995 1 -0 0
-120.758 53.1006 35.57 0.0211 0.000500023 1 0 0
-120.758 11.6676 2.7898 0.4657 0.9995 1 -0 0
-120.758 11.6676 2.1578 0.4743 0.9995 1 0 -0
-120.758 53.1006 35.57 0.0211 0.000500023 1 0 0
-120.758 11.6676 -4.1628 0.56 0.9995 1 0 0
-120.758 11.6676 -35.0468 0.9789 0.9995 1 0 0
-120.758 53.1006 35.57 0.0211 0.000500023 1 0 0
-120.758 11.6676 1.5257 0.4829 0.9995 1 0 -0
-120.758 11.6676 0.8937 0.4914 0.9995 1 0 0
-120.758 53.1006 35.57 0.0211 0.000500023 1 0 0
-120.758 11.6676 35.57 0.0211 0.9995 1 0 0
-120.758 11.6676 4.686 0.44 0.9995 1 0 0
-120.758 53.1006 35.57 0.0211 0.000500023 1 0 0
-120.758 11.6676 -2.8987 0.5429 0.9995 1 0 0
-120.758 11.6676 -3.5308 0.5514 0.9995 1 0 0
-120.758 53.1006 35.57 0.0211 0.000500023 1 0 0
-120.758 11.6676 -2.2666 0.5343 0.9995 1 -0 0
-120.758 11.6676 -2.8987 0.5429 0.9995 1 0 0
-120.758 53.1006 35.57 0.0211 0.000500023 1 0 0
-120.758 11.6676 -0.3705 0.5086 0.9995 1 0 0
-120.758 11.6676 -1.0025 0.5171 0.9995 1 0 0
-120.758 53.1006 35.57 0.0211 0.000500023 1 0 0
-120.758 11.6676 4.054 0.4486 0.9995 1 0 0
-120.758 11.6676 3.4219 0.4571 0.9995 1 0 0
-120.758 53.1006 35.57 0.0211 0.000500023 1 0 0
-120.758 11.6676 0.8937 0.4914 0.9995 1 0 0
-120.758 11.6676 -0.3705 0.5086 0.9995 1 0 0
-120.758 53.1006 35.57 0.0211 0.000500023 1 0 0
-120.758 11.6676 4.686 0.44 0.9995 1 0 0
-120.758 11.6676 4.054 0.4486 0.9995 1 0 0
