꼭대기
-4.0 1.0 -1.0 0.0 0.0 0.0 0.0 -1.0

바닥 삼각형(왼쪽앞 오른쪽앞 중앙뒤)
-5.0 -1.0 0.0 0.0 1.0 0.0 0.0 -1.0

-3.0 -1.0 0.0 1.0 0.0 0.0 0.0 -1.0

-4.0 -1.0 -2.0 1.0 0.0 0.0 0.0 -1.0

앞면 : 0.0 -2.0 4.0
우면 : 4.0 -1.0 -2.0
좌면 : 4.0 1.0 2.0
바닥 : 0.0 -4.0 0.0


Vertex Count: 48

Data:

-4.0 1.0 -1.0 0.0 0.0 0.0 0.0 -1.0	꼭대기
-3.0 -1.0 0.0 1.0 0.0 0.0 0.0 -1.0	오른쪽앞
-5.0 -1.0 0.0 0.0 1.0 0.0 0.0 -1.0	왼쪽앞
-4.0 1.0 -1.0 0.0 0.0 0.0 0.0 -1.0	꼭대기
-4.0 -1.0 -2.0 1.0 0.0 0.0 0.0 -1.0	중앙뒤
-3.0 -1.0 0.0 1.0 0.0 0.0 0.0 -1.0	오른쪽앞
-4.0 1.0 -1.0 0.0 0.0 0.0 0.0 -1.0	꼭대기
-5.0 -1.0 0.0 0.0 1.0 0.0 0.0 -1.0	왼쪽앞
-4.0 -1.0 -2.0 1.0 0.0 0.0 0.0 -1.0	중앙뒤
-5.0 -1.0 0.0 0.0 1.0 0.0 0.0 -1.0	왼쪽앞
-3.0 -1.0 0.0 1.0 0.0 0.0 0.0 -1.0	오른쪽앞
-4.0 -1.0 -2.0 1.0 0.0 0.0 0.0 -1.0	중앙뒤

앞면 : 0.0 -2.0 4.0
우면 : 4.0 -1.0 -2.0
좌면 : 4.0 1.0 2.0
바닥 : 0.0 -4.0 0.0
앞
-4.0 1.0 -1.0 0.0 0.0 0.0 -2.0 4.0
-5.0 -1.0 0.0 0.0 1.0 0.0 -2.0 4.0
-3.0 -1.0 0.0 1.0 0.0 0.0 -2.0 4.0
우
-4.0 1.0 -1.0 0.0 0.0 4.0 -1.0 -2.0
-3.0 -1.0 0.0 1.0 0.0 4.0 -1.0 -2.0
-4.0 -1.0 -2.0 1.0 0.0 4.0 -1.0 -2.0
좌
-4.0 1.0 -1.0 0.0 0.0 4.0 1.0 2.0
-4.0 -1.0 -2.0 1.0 0.0 4.0 1.0 2.0
-5.0 -1.0 0.0 0.0 1.0 4.0 1.0 2.0
바
-5.0 -1.0 0.0 0.0 1.0 0.0 -4.0 0.0
-4.0 -1.0 -2.0 1.0 0.0 0.0 -4.0 0.0
-3.0 -1.0 0.0 1.0 0.0 0.0 -4.0 0.0


-4.0 1.0 -1.0 0.0 0.0 0.0 0.0 -1.0
-5.0 -1.0 0.0 0.0 1.0 0.0 0.0 -1.0
-3.0 -1.0 0.0 1.0 0.0 0.0 0.0 -1.0
-4.0 1.0 -1.0 0.0 0.0 0.0 0.0 -1.0
-3.0 -1.0 0.0 1.0 0.0 0.0 0.0 -1.0
-4.0 -1.0 -2.0 1.0 0.0 0.0 0.0 -1.0
-4.0 1.0 -1.0 0.0 0.0 0.0 0.0 -1.0
-4.0 -1.0 -2.0 1.0 0.0 0.0 0.0 -1.0
-5.0 -1.0 0.0 0.0 1.0 0.0 0.0 -1.0
-5.0 -1.0 0.0 0.0 1.0 0.0 0.0 -1.0
-4.0 -1.0 -2.0 1.0 0.0 0.0 0.0 -1.0
-3.0 -1.0 0.0 1.0 0.0 0.0 0.0 -1.0




삼각기둥(triangularpole)

위에 3개 왼쪽 중앙 오른쪽
3.0 1.0 1.0
4.0 1.0 -1.0
5.0 1.0 1.0
아래 3개 왼쪽 중앙 오른쪽
3.0 -1.0 1.0
4.0 -1.0 -1.0
5.0 -1.0 1.0

윗면 : 왼 오 중
3.0 1.0 1.0 0.0 0.0 0.0 0.0 -1.0
5.0 1.0 1.0 1.0 0.0 0.0 0.0 -1.0
4.0 1.0 -1.0 0.0 1.0 0.0 0.0 -1.0
// 0.0 4.0 0.0

아랫면 : 왼 오 중
3.0 -1.0 1.0 0.0 0.0 0.0 0.0 -1.0
5.0 -1.0 1.0 1.0 0.0 0.0 0.0 -1.0
4.0 -1.0 -1.0 0.0 1.0 0.0 0.0 -1.0
// 0.0 -4.0 0.0

사이면 : 왼위 왼아 오위 / 오위 왼아 오아
3.0 1.0 1.0 0.0 0.0 0.0 0.0 -1.0
3.0 -1.0 1.0 0.0 0.0 0.0 0.0 -1.0
5.0 1.0 1.0 1.0 0.0 0.0 0.0 -1.0

5.0 1.0 1.0 1.0 0.0 0.0 0.0 -1.0
3.0 -1.0 1.0 0.0 0.0 0.0 0.0 -1.0
5.0 -1.0 1.0 1.0 0.0 0.0 0.0 -1.0
// 0.0 0.0 4.0

오위 오아 중위 / 중위 오아 중아
5.0 1.0 1.0 1.0 0.0 0.0 0.0 -1.0
5.0 -1.0 1.0 1.0 0.0 0.0 0.0 -1.0
4.0 1.0 -1.0 0.0 1.0 0.0 0.0 -1.0

4.0 1.0 -1.0 0.0 1.0 0.0 0.0 -1.0
5.0 -1.0 1.0 1.0 0.0 0.0 0.0 -1.0
4.0 -1.0 -1.0 0.0 1.0 0.0 0.0 -1.0
// 4.0 0.0 -2.0

중위 중아 왼위 / 왼위 중아 왼아
4.0 1.0 -1.0 0.0 1.0 0.0 0.0 -1.0
4.0 -1.0 -1.0 0.0 1.0 0.0 0.0 -1.0
3.0 1.0 1.0 0.0 0.0 0.0 0.0 -1.0

3.0 1.0 1.0 0.0 0.0 0.0 0.0 -1.0
4.0 -1.0 -1.0 0.0 1.0 0.0 0.0 -1.0
3.0 -1.0 1.0 0.0 0.0 0.0 0.0 -1.0
// -4.0 0.0 -2.0